tabular_regression_tabular_exp_MOG_Synthetic_MoE_Synthetic_ne1_pe1_ug0_ftM_sl96_ll48_pl96_dm32_nh8_el2_dl1_df2048_expand2_dc4_fc1_ebtimeF_dtTrue_test_0_seed4022 (SETA-HPD)
Coverage: 0.8933, Width: 1.3473, Median Width: 0.8079, c: 0.8000, rho: 0.0000, theta: 1.5000, mog_decompose: True, t_hat: 2.2162, avg_segments: 1.000, frac_multi: 0.0000, frac_empty: 0.0000, single_fold: False

tabular_regression_tabular_exp_MOG_Synthetic_MoE_Synthetic_ne1_pe1_ug0_ftM_sl96_ll48_pl96_dm32_nh8_el2_dl1_df2048_expand2_dc4_fc1_ebtimeF_dtTrue_test_0_seed4022 (SETA-HPD Diagnostics)
boundary=True, chosen_c=0.8000, chosen_rho=0.0000, chosen_theta=1.5000, mog_decompose=True, single_fold=False, ref_mog_hpd: coverage=0.9087 width=1.5757 | ref_sta_hpd: coverage=0.8933 width=1.3473 | seta_hpd: coverage=0.8933 width=1.3473
votes (c,rho,theta):n_splits: (0.8,0,1.5):7, (1,0,1):3
rho_marginal (rho:best_tune_width): 0:1.4402, 0.25:1.4402, 0.5:1.4402, 0.75:1.4402, 1:1.4402, 1.5:1.4402, 2:1.4402
tuning_surface ((c,rho,theta):tune_width): (0.4,0,-0.5):2.0749, (0.4,0,0):2.0171, (0.4,0,0.25):1.9878, (0.4,0,0.5):1.9577, (0.4,0,0.75):1.9258, (0.4,0,1):1.8936, (0.4,0,1.5):1.8273, (0.4,0,2):1.7587, (0.4,0.25,-0.5):2.0749, (0.4,0.25,0):2.0171, (0.4,0.25,0.25):1.9878, (0.4,0.25,0.5):1.9577, (0.4,0.25,0.75):1.9258, (0.4,0.25,1):1.8936, (0.4,0.25,1.5):1.8273, (0.4,0.25,2):1.7587, (0.4,0.5,-0.5):2.0749, (0.4,0.5,0):2.0171, (0.4,0.5,0.25):1.9878, (0.4,0.5,0.5):1.9577, (0.4,0.5,0.75):1.9258, (0.4,0.5,1):1.8936, (0.4,0.5,1.5):1.8273, (0.4,0.5,2):1.7587, (0.4,0.75,-0.5):2.0749, (0.4,0.75,0):2.0171, (0.4,0.75,0.25):1.9878, (0.4,0.75,0.5):1.9577, (0.4,0.75,0.75):1.9258, (0.4,0.75,1):1.8936, (0.4,0.75,1.5):1.8273, (0.4,0.75,2):1.7587, (0.4,1,-0.5):2.0749, (0.4,1,0):2.0171, (0.4,1,0.25):1.9878, (0.4,1,0.5):1.9577, (0.4,1,0.75):1.9258, (0.4,1,1):1.8936, (0.4,1,1.5):1.8273, (0.4,1,2):1.7587, (0.4,1.5,-0.5):2.0749, (0.4,1.5,0):2.0171, (0.4,1.5,0.25):1.9878, (0.4,1.5,0.5):1.9577, (0.4,1.5,0.75):1.9258, (0.4,1.5,1):1.8936, (0.4,1.5,1.5):1.8273, (0.4,1.5,2):1.7587, (0.4,2,-0.5):2.0749, (0.4,2,0):2.0171, (0.4,2,0.25):1.9878, (0.4,2,0.5):1.9577, (0.4,2,0.75):1.9258, (0.4,2,1):1.8936, (0.4,2,1.5):1.8273, (0.4,2,2):1.7587, (0.6,0,-0.5):1.9100, (0.6,0,0):1.8246, (0.6,0,0.25):1.7801, (0.6,0,0.5):1.7422, (0.6,0,0.75):1.6948, (0.6,0,1):1.6490, (0.6,0,1.5):1.5494, (0.6,0,2):1.4799, (0.6,0.25,-0.5):1.9100, (0.6,0.25,0):1.8246, (0.6,0.25,0.25):1.7801, (0.6,0.25,0.5):1.7422, (0.6,0.25,0.75):1.6948, (0.6,0.25,1):1.6490, (0.6,0.25,1.5):1.5494, (0.6,0.25,2):1.4799, (0.6,0.5,-0.5):1.9100, (0.6,0.5,0):1.8246, (0.6,0.5,0.25):1.7801, (0.6,0.5,0.5):1.7422, (0.6,0.5,0.75):1.6948, (0.6,0.5,1):1.6490, (0.6,0.5,1.5):1.5494, (0.6,0.5,2):1.4799, (0.6,0.75,-0.5):1.9100, (0.6,0.75,0):1.8246, (0.6,0.75,0.25):1.7801, (0.6,0.75,0.5):1.7422, (0.6,0.75,0.75):1.6948, (0.6,0.75,1):1.6490, (0.6,0.75,1.5):1.5494, (0.6,0.75,2):1.4799, (0.6,1,-0.5):1.9100, (0.6,1,0):1.8246, (0.6,1,0.25):1.7801, (0.6,1,0.5):1.7422, (0.6,1,0.75):1.6948, (0.6,1,1):1.6490, (0.6,1,1.5):1.5494, (0.6,1,2):1.4799, (0.6,1.5,-0.5):1.9100, (0.6,1.5,0):1.8246, (0.6,1.5,0.25):1.7801, (0.6,1.5,0.5):1.7422, (0.6,1.5,0.75):1.6948, (0.6,1.5,1):1.6490, (0.6,1.5,1.5):1.5494, (0.6,1.5,2):1.4799, (0.6,2,-0.5):1.9100, (0.6,2,0):1.8246, (0.6,2,0.25):1.7801, (0.6,2,0.5):1.7422, (0.6,2,0.75):1.6948, (0.6,2,1):1.6490, (0.6,2,1.5):1.5494, (0.6,2,2):1.4799, (0.8,0,-0.5):1.8142, (0.8,0,0):1.7141, (0.8,0,0.25):1.6561, (0.8,0,0.5):1.6018, (0.8,0,0.75):1.5413, (0.8,0,1):1.5030, (0.8,0,1.5):1.4402, (0.8,0,2):1.5885, (0.8,0.25,-0.5):1.8142, (0.8,0.25,0):1.7141, (0.8,0.25,0.25):1.6561, (0.8,0.25,0.5):1.6018, (0.8,0.25,0.75):1.5413, (0.8,0.25,1):1.5030, (0.8,0.25,1.5):1.4402, (0.8,0.25,2):1.5885, (0.8,0.5,-0.5):1.8142, (0.8,0.5,0):1.7141, (0.8,0.5,0.25):1.6561, (0.8,0.5,0.5):1.6018, (0.8,0.5,0.75):1.5413, (0.8,0.5,1):1.5030, (0.8,0.5,1.5):1.4402, (0.8,0.5,2):1.5885, (0.8,0.75,-0.5):1.8142, (0.8,0.75,0):1.7141, (0.8,0.75,0.25):1.6561, (0.8,0.75,0.5):1.6018, (0.8,0.75,0.75):1.5413, (0.8,0.75,1):1.5030, (0.8,0.75,1.5):1.4402, (0.8,0.75,2):1.5885, (0.8,1,-0.5):1.8142, (0.8,1,0):1.7141, (0.8,1,0.25):1.6561, (0.8,1,0.5):1.6018, (0.8,1,0.75):1.5413, (0.8,1,1):1.5030, (0.8,1,1.5):1.4402, (0.8,1,2):1.5885, (0.8,1.5,-0.5):1.8142, (0.8,1.5,0):1.7141, (0.8,1.5,0.25):1.6561, (0.8,1.5,0.5):1.6018, (0.8,1.5,0.75):1.5413, (0.8,1.5,1):1.5030, (0.8,1.5,1.5):1.4402, (0.8,1.5,2):1.5885, (0.8,2,-0.5):1.8142, (0.8,2,0):1.7141, (0.8,2,0.25):1.6561, (0.8,2,0.5):1.6018, (0.8,2,0.75):1.5413, (0.8,2,1):1.5030, (0.8,2,1.5):1.4402, (0.8,2,2):1.5885, (1,0,-0.5):1.7637, (1,0,0):1.6402, (1,0,0.25):1.5792, (1,0,0.5):1.5226, (1,0,0.75):1.4739, (1,0,1):1.4424, (1,0,1.5):1.6316, (1,0,2):1.9580, (1,0.25,-0.5):1.7637, (1,0.25,0):1.6402, (1,0.25,0.25):1.5792, (1,0.25,0.5):1.5226, (1,0.25,0.75):1.4739, (1,0.25,1):1.4424, (1,0.25,1.5):1.6316, (1,0.25,2):1.9580, (1,0.5,-0.5):1.7637, (1,0.5,0):1.6402, (1,0.5,0.25):1.5792, (1,0.5,0.5):1.5226, (1,0.5,0.75):1.4739, (1,0.5,1):1.4424, (1,0.5,1.5):1.6316, (1,0.5,2):1.9580, (1,0.75,-0.5):1.7637, (1,0.75,0):1.6402, (1,0.75,0.25):1.5792, (1,0.75,0.5):1.5226, (1,0.75,0.75):1.4739, (1,0.75,1):1.4424, (1,0.75,1.5):1.6316, (1,0.75,2):1.9580, (1,1,-0.5):1.7637, (1,1,0):1.6402, (1,1,0.25):1.5792, (1,1,0.5):1.5226, (1,1,0.75):1.4739, (1,1,1):1.4424, (1,1,1.5):1.6316, (1,1,2):1.9580, (1,1.5,-0.5):1.7637, (1,1.5,0):1.6402, (1,1.5,0.25):1.5792, (1,1.5,0.5):1.5226, (1,1.5,0.75):1.4739, (1,1.5,1):1.4424, (1,1.5,1.5):1.6316, (1,1.5,2):1.9580, (1,2,-0.5):1.7637, (1,2,0):1.6402, (1,2,0.25):1.5792, (1,2,0.5):1.5226, (1,2,0.75):1.4739, (1,2,1):1.4424, (1,2,1.5):1.6316, (1,2,2):1.9580, (1.3,0,-0.5):1.7099, (1.3,0,0):1.5936, (1.3,0,0.25):1.5394, (1.3,0,0.5):1.4839, (1.3,0,0.75):1.4705, (1.3,0,1):1.6430, (1.3,0,1.5):2.2902, (1.3,0,2):2.8456, (1.3,0.25,-0.5):1.7099, (1.3,0.25,0):1.5936, (1.3,0.25,0.25):1.5394, (1.3,0.25,0.5):1.4839, (1.3,0.25,0.75):1.4705, (1.3,0.25,1):1.6430, (1.3,0.25,1.5):2.2902, (1.3,0.25,2):2.8456, (1.3,0.5,-0.5):1.7099, (1.3,0.5,0):1.5936, (1.3,0.5,0.25):1.5394, (1.3,0.5,0.5):1.4839, (1.3,0.5,0.75):1.4705, (1.3,0.5,1):1.6430, (1.3,0.5,1.5):2.2902, (1.3,0.5,2):2.8456, (1.3,0.75,-0.5):1.7099, (1.3,0.75,0):1.5936, (1.3,0.75,0.25):1.5394, (1.3,0.75,0.5):1.4839, (1.3,0.75,0.75):1.4705, (1.3,0.75,1):1.6430, (1.3,0.75,1.5):2.2902, (1.3,0.75,2):2.8456, (1.3,1,-0.5):1.7099, (1.3,1,0):1.5936, (1.3,1,0.25):1.5394, (1.3,1,0.5):1.4839, (1.3,1,0.75):1.4705, (1.3,1,1):1.6430, (1.3,1,1.5):2.2902, (1.3,1,2):2.8456, (1.3,1.5,-0.5):1.7099, (1.3,1.5,0):1.5936, (1.3,1.5,0.25):1.5394, (1.3,1.5,0.5):1.4839, (1.3,1.5,0.75):1.4705, (1.3,1.5,1):1.6430, (1.3,1.5,1.5):2.2902, (1.3,1.5,2):2.8456, (1.3,2,-0.5):1.7099, (1.3,2,0):1.5936, (1.3,2,0.25):1.5394, (1.3,2,0.5):1.4839, (1.3,2,0.75):1.4705, (1.3,2,1):1.6430, (1.3,2,1.5):2.2902, (1.3,2,2):2.8456

tabular_regression_tabular_exp_MOGU_Synthetic_MoE_Synthetic_ne3_pe1_ug1_ftM_sl96_ll48_pl96_dm32_nh8_el2_dl1_df2048_expand2_dc4_fc1_ebtimeF_dtTrue_test_0_seed4022 (SETA-HPD)
Coverage: 0.8927, Width: 1.3617, Median Width: 0.8202, c: 1.0000, rho: 0.0000, theta: 1.0000, mog_decompose: True, t_hat: 1.6877, avg_segments: 1.000, frac_multi: 0.0000, frac_empty: 0.0000, single_fold: False

tabular_regression_tabular_exp_MOG_Synthetic_MoE_Synthetic_ne3_pe1_ug0_ftM_sl96_ll48_pl96_dm32_nh8_el2_dl1_df2048_expand2_dc4_fc1_ebtimeF_dtTrue_test_0_seed4022 (SETA-HPD)
Coverage: 0.9060, Width: 0.9925, Median Width: 0.7638, c: 1.3000, rho: 1.0000, theta: 0.2500, mog_decompose: True, t_hat: 1.1860, avg_segments: 1.507, frac_multi: 0.2740, frac_empty: 0.0000, single_fold: False

tabular_regression_tabular_exp_MOGU_Synthetic_MoE_Synthetic_ne3_pe1_ug1_ftM_sl96_ll48_pl96_dm32_nh8_el2_dl1_df2048_expand2_dc4_fc1_ebtimeF_dtTrue_test_0_seed4022 (SETA-HPD Diagnostics)
boundary=True, chosen_c=1.0000, chosen_rho=0.0000, chosen_theta=1.0000, mog_decompose=True, single_fold=False, ref_mog_hpd: coverage=0.9080 width=1.5614 | ref_sta_hpd: coverage=0.8900 width=1.3578 | seta_hpd: coverage=0.8927 width=1.3617
votes (c,rho,theta):n_splits: (1,0,1):4, (1,2,1):2, (1.3,0,0):1, (1.3,0.75,0.5):1, (1,1,1):1, (1,0.25,0.75):1
rho_marginal (rho:best_tune_width): 0:1.4425, 0.25:1.4448, 0.5:1.4438, 0.75:1.4433, 1:1.4433, 1.5:1.4388, 2:1.4369
tuning_surface ((c,rho,theta):tune_width): (0.4,0,-0.5):2.1192, (0.4,0,0):2.0408, (0.4,0,0.25):2.0032, (0.4,0,0.5):1.9598, (0.4,0,0.75):1.9137, (0.4,0,1):1.8675, (0.4,0,1.5):1.7763, (0.4,0,2):1.6762, (0.4,0.25,-0.5):2.1167, (0.4,0.25,0):2.0374, (0.4,0.25,0.25):1.9991, (0.4,0.25,0.5):1.9573, (0.4,0.25,0.75):1.9106, (0.4,0.25,1):1.8635, (0.4,0.25,1.5):1.7693, (0.4,0.25,2):1.6691, (0.4,0.5,-0.5):2.1145, (0.4,0.5,0):2.0359, (0.4,0.5,0.25):1.9945, (0.4,0.5,0.5):1.9536, (0.4,0.5,0.75):1.9072, (0.4,0.5,1):1.8598, (0.4,0.5,1.5):1.7655, (0.4,0.5,2):1.6609, (0.4,0.75,-0.5):2.1118, (0.4,0.75,0):2.0327, (0.4,0.75,0.25):1.9913, (0.4,0.75,0.5):1.9487, (0.4,0.75,0.75):1.9043, (0.4,0.75,1):1.8557, (0.4,0.75,1.5):1.7629, (0.4,0.75,2):1.6541, (0.4,1,-0.5):2.1088, (0.4,1,0):2.0296, (0.4,1,0.25):1.9882, (0.4,1,0.5):1.9450, (0.4,1,0.75):1.9002, (0.4,1,1):1.8522, (0.4,1,1.5):1.7582, (0.4,1,2):1.6511, (0.4,1.5,-0.5):2.1050, (0.4,1.5,0):2.0220, (0.4,1.5,0.25):1.9795, (0.4,1.5,0.5):1.9369, (0.4,1.5,0.75):1.8918, (0.4,1.5,1):1.8447, (0.4,1.5,1.5):1.7466, (0.4,1.5,2):1.6408, (0.4,2,-0.5):2.1023, (0.4,2,0):2.0149, (0.4,2,0.25):1.9705, (0.4,2,0.5):1.9279, (0.4,2,0.75):1.8846, (0.4,2,1):1.8368, (0.4,2,1.5):1.7333, (0.4,2,2):1.6250, (0.6,0,-0.5):1.9530, (0.6,0,0):1.8528, (0.6,0,0.25):1.7945, (0.6,0,0.5):1.7411, (0.6,0,0.75):1.6841, (0.6,0,1):1.6304, (0.6,0,1.5):1.5156, (0.6,0,2):1.4588, (0.6,0.25,-0.5):1.9520, (0.6,0.25,0):1.8512, (0.6,0.25,0.25):1.7943, (0.6,0.25,0.5):1.7384, (0.6,0.25,0.75):1.6823, (0.6,0.25,1):1.6279, (0.6,0.25,1.5):1.5125, (0.6,0.25,2):1.4567, (0.6,0.5,-0.5):1.9516, (0.6,0.5,0):1.8493, (0.6,0.5,0.25):1.7933, (0.6,0.5,0.5):1.7366, (0.6,0.5,0.75):1.6801, (0.6,0.5,1):1.6269, (0.6,0.5,1.5):1.5093, (0.6,0.5,2):1.4542, (0.6,0.75,-0.5):1.9510, (0.6,0.75,0):1.8478, (0.6,0.75,0.25):1.7928, (0.6,0.75,0.5):1.7363, (0.6,0.75,0.75):1.6781, (0.6,0.75,1):1.6251, (0.6,0.75,1.5):1.5074, (0.6,0.75,2):1.4543, (0.6,1,-0.5):1.9508, (0.6,1,0):1.8463, (0.6,1,0.25):1.7912, (0.6,1,0.5):1.7357, (0.6,1,0.75):1.6767, (0.6,1,1):1.6234, (0.6,1,1.5):1.5041, (0.6,1,2):1.4564, (0.6,1.5,-0.5):1.9492, (0.6,1.5,0):1.8448, (0.6,1.5,0.25):1.7871, (0.6,1.5,0.5):1.7339, (0.6,1.5,0.75):1.6752, (0.6,1.5,1):1.6212, (0.6,1.5,1.5):1.4981, (0.6,1.5,2):1.4575, (0.6,2,-0.5):1.9481, (0.6,2,0):1.8445, (0.6,2,0.25):1.7839, (0.6,2,0.5):1.7304, (0.6,2,0.75):1.6709, (0.6,2,1):1.6181, (0.6,2,1.5):1.4959, (0.6,2,2):1.4591, (0.8,0,-0.5):1.8325, (0.8,0,0):1.7205, (0.8,0,0.25):1.6533, (0.8,0,0.5):1.5954, (0.8,0,0.75):1.5349, (0.8,0,1):1.4831, (0.8,0,1.5):1.4521, (0.8,0,2):1.6173, (0.8,0.25,-0.5):1.8332, (0.8,0.25,0):1.7192, (0.8,0.25,0.25):1.6531, (0.8,0.25,0.5):1.5961, (0.8,0.25,0.75):1.5361, (0.8,0.25,1):1.4844, (0.8,0.25,1.5):1.4510, (0.8,0.25,2):1.6167, (0.8,0.5,-0.5):1.8337, (0.8,0.5,0):1.7184, (0.8,0.5,0.25):1.6530, (0.8,0.5,0.5):1.5963, (0.8,0.5,0.75):1.5355, (0.8,0.5,1):1.4850, (0.8,0.5,1.5):1.4506, (0.8,0.5,2):1.6179, (0.8,0.75,-0.5):1.8346, (0.8,0.75,0):1.7180, (0.8,0.75,0.25):1.6533, (0.8,0.75,0.5):1.5957, (0.8,0.75,0.75):1.5363, (0.8,0.75,1):1.4848, (0.8,0.75,1.5):1.4503, (0.8,0.75,2):1.6193, (0.8,1,-0.5):1.8355, (0.8,1,0):1.7171, (0.8,1,0.25):1.6536, (0.8,1,0.5):1.5958, (0.8,1,0.75):1.5356, (0.8,1,1):1.4839, (0.8,1,1.5):1.4509, (0.8,1,2):1.6208, (0.8,1.5,-0.5):1.8376, (0.8,1.5,0):1.7171, (0.8,1.5,0.25):1.6537, (0.8,1.5,0.5):1.5956, (0.8,1.5,0.75):1.5350, (0.8,1.5,1):1.4831, (0.8,1.5,1.5):1.4515, (0.8,1.5,2):1.6237, (0.8,2,-0.5):1.8394, (0.8,2,0):1.7171, (0.8,2,0.25):1.6532, (0.8,2,0.5):1.5943, (0.8,2,0.75):1.5321, (0.8,2,1):1.4820, (0.8,2,1.5):1.4501, (0.8,2,2):1.6266, (1,0,-0.5):1.7451, (1,0,0):1.6216, (1,0,0.25):1.5585, (1,0,0.5):1.4984, (1,0,0.75):1.4634, (1,0,1):1.4425, (1,0,1.5):1.5941, (1,0,2):1.9642, (1,0.25,-0.5):1.7478, (1,0.25,0):1.6222, (1,0.25,0.25):1.5584, (1,0.25,0.5):1.4967, (1,0.25,0.75):1.4626, (1,0.25,1):1.4448, (1,0.25,1.5):1.5915, (1,0.25,2):1.9648, (1,0.5,-0.5):1.7493, (1,0.5,0):1.6239, (1,0.5,0.25):1.5591, (1,0.5,0.5):1.4973, (1,0.5,0.75):1.4639, (1,0.5,1):1.4438, (1,0.5,1.5):1.5913, (1,0.5,2):1.9657, (1,0.75,-0.5):1.7502, (1,0.75,0):1.6257, (1,0.75,0.25):1.5591, (1,0.75,0.5):1.4988, (1,0.75,0.75):1.4644, (1,0.75,1):1.4433, (1,0.75,1.5):1.5930, (1,0.75,2):1.9683, (1,1,-0.5):1.7518, (1,1,0):1.6276, (1,1,0.25):1.5590, (1,1,0.5):1.4998, (1,1,0.75):1.4651, (1,1,1):1.4433, (1,1,1.5):1.5949, (1,1,2):1.9710, (1,1.5,-0.5):1.7540, (1,1.5,0):1.6309, (1,1.5,0.25):1.5598, (1,1.5,0.5):1.5023, (1,1.5,0.75):1.4658, (1,1.5,1):1.4388, (1,1.5,1.5):1.5969, (1,1.5,2):1.9763, (1,2,-0.5):1.7559, (1,2,0):1.6330, (1,2,0.25):1.5614, (1,2,0.5):1.5029, (1,2,0.75):1.4666, (1,2,1):1.4369, (1,2,1.5):1.5980, (1,2,2):1.9810, (1.3,0,-0.5):1.6403, (1.3,0,0):1.5257, (1.3,0,0.25):1.4804, (1.3,0,0.5):1.4505, (1.3,0,0.75):1.4818, (1.3,0,1):1.5619, (1.3,0,1.5):2.1570, (1.3,0,2):2.6807, (1.3,0.25,-0.5):1.6392, (1.3,0.25,0):1.5247, (1.3,0.25,0.25):1.4840, (1.3,0.25,0.5):1.4497, (1.3,0.25,0.75):1.4750, (1.3,0.25,1):1.5532, (1.3,0.25,1.5):2.1479, (1.3,0.25,2):2.6775, (1.3,0.5,-0.5):1.6400, (1.3,0.5,0):1.5263, (1.3,0.5,0.25):1.4843, (1.3,0.5,0.5):1.4499, (1.3,0.5,0.75):1.4722, (1.3,0.5,1):1.5524, (1.3,0.5,1.5):2.1440, (1.3,0.5,2):2.6788, (1.3,0.75,-0.5):1.6401, (1.3,0.75,0):1.5271, (1.3,0.75,0.25):1.4847, (1.3,0.75,0.5):1.4504, (1.3,0.75,0.75):1.4681, (1.3,0.75,1):1.5499, (1.3,0.75,1.5):2.1404, (1.3,0.75,2):2.6813, (1.3,1,-0.5):1.6406, (1.3,1,0):1.5274, (1.3,1,0.25):1.4851, (1.3,1,0.5):1.4515, (1.3,1,0.75):1.4669, (1.3,1,1):1.5489, (1.3,1,1.5):2.1397, (1.3,1,2):2.6828, (1.3,1.5,-0.5):1.6409, (1.3,1.5,0):1.5280, (1.3,1.5,0.25):1.4868, (1.3,1.5,0.5):1.4512, (1.3,1.5,0.75):1.4669, (1.3,1.5,1):1.5472, (1.3,1.5,1.5):2.1434, (1.3,1.5,2):2.6871, (1.3,2,-0.5):1.6410, (1.3,2,0):1.5269, (1.3,2,0.25):1.4897, (1.3,2,0.5):1.4546, (1.3,2,0.75):1.4658, (1.3,2,1):1.5473, (1.3,2,1.5):2.1481, (1.3,2,2):2.6894

tabular_regression_tabular_exp_MOG_Synthetic_MoE_Synthetic_ne3_pe1_ug0_ftM_sl96_ll48_pl96_dm32_nh8_el2_dl1_df2048_expand2_dc4_fc1_ebtimeF_dtTrue_test_0_seed4022 (SETA-HPD Diagnostics)
boundary=True, chosen_c=1.3000, chosen_rho=1.0000, chosen_theta=0.2500, mog_decompose=True, single_fold=False, ref_mog_hpd: coverage=0.9147 width=1.0490 | ref_sta_hpd: coverage=0.9060 width=0.9925 | seta_hpd: coverage=0.9060 width=0.9925
votes (c,rho,theta):n_splits: (1.3,1,0.25):3, (0.6,1,0.5):2, (0.8,1,0.5):2, (0.8,1,0.25):1, (1,1,0.5):1, (1.3,1,0):1
rho_marginal (rho:best_tune_width): 0:1.4115, 0.25:1.4974, 0.5:1.3823, 0.75:1.1434, 1:0.9946, 1.5:1.1978, 2:1.5859
tuning_surface ((c,rho,theta):tune_width): (0.4,0,-0.5):2.1248, (0.4,0,0):2.1118, (0.4,0,0.25):2.1051, (0.4,0,0.5):2.0987, (0.4,0,0.75):2.0921, (0.4,0,1):2.0854, (0.4,0,1.5):2.0719, (0.4,0,2):2.0584, (0.4,0.25,-0.5):1.8164, (0.4,0.25,0):1.7712, (0.4,0.25,0.25):1.7508, (0.4,0.25,0.5):1.7263, (0.4,0.25,0.75):1.6959, (0.4,0.25,1):1.6680, (0.4,0.25,1.5):1.6156, (0.4,0.25,2):1.5617, (0.4,0.5,-0.5):1.5801, (0.4,0.5,0):1.5256, (0.4,0.5,0.25):1.4968, (0.4,0.5,0.5):1.4777, (0.4,0.5,0.75):1.4575, (0.4,0.5,1):1.4387, (0.4,0.5,1.5):1.3960, (0.4,0.5,2):1.3823, (0.4,0.75,-0.5):1.3153, (0.4,0.75,0):1.2250, (0.4,0.75,0.25):1.1903, (0.4,0.75,0.5):1.1710, (0.4,0.75,0.75):1.1665, (0.4,0.75,1):1.1971, (0.4,0.75,1.5):1.2755, (0.4,0.75,2):1.3564, (0.4,1,-0.5):1.1950, (0.4,1,0):1.0679, (0.4,1,0.25):1.0273, (0.4,1,0.5):1.0061, (0.4,1,0.75):1.0347, (0.4,1,1):1.0959, (0.4,1,1.5):1.2727, (0.4,1,2):1.4255, (0.4,1.5,-0.5):1.3356, (0.4,1.5,0):1.2620, (0.4,1.5,0.25):1.2362, (0.4,1.5,0.5):1.2318, (0.4,1.5,0.75):1.1978, (0.4,1.5,1):1.2414, (0.4,1.5,1.5):1.3865, (0.4,1.5,2):1.5386, (0.4,2,-0.5):1.7463, (0.4,2,0):1.6392, (0.4,2,0.25):1.5888, (0.4,2,0.5):1.5955, (0.4,2,0.75):1.5859, (0.4,2,1):1.5860, (0.4,2,1.5):1.5935, (0.4,2,2):1.7146, (0.6,0,-0.5):1.9869, (0.6,0,0):1.9640, (0.6,0,0.25):1.9544, (0.6,0,0.5):1.9460, (0.6,0,0.75):1.9358, (0.6,0,1):1.9259, (0.6,0,1.5):1.9075, (0.6,0,2):1.8847, (0.6,0.25,-0.5):1.7764, (0.6,0.25,0):1.7107, (0.6,0.25,0.25):1.6774, (0.6,0.25,0.5):1.6481, (0.6,0.25,0.75):1.6215, (0.6,0.25,1):1.5969, (0.6,0.25,1.5):1.5411, (0.6,0.25,2):1.5093, (0.6,0.5,-0.5):1.5523, (0.6,0.5,0):1.5002, (0.6,0.5,0.25):1.4704, (0.6,0.5,0.5):1.4469, (0.6,0.5,0.75):1.4245, (0.6,0.5,1):1.4008, (0.6,0.5,1.5):1.3928, (0.6,0.5,2):1.4020, (0.6,0.75,-0.5):1.3059, (0.6,0.75,0):1.2083, (0.6,0.75,0.25):1.1786, (0.6,0.75,0.5):1.1552, (0.6,0.75,0.75):1.1720, (0.6,0.75,1):1.2041, (0.6,0.75,1.5):1.3217, (0.6,0.75,2):1.4218, (0.6,1,-0.5):1.1775, (0.6,1,0):1.0554, (0.6,1,0.25):1.0169, (0.6,1,0.5):0.9998, (0.6,1,0.75):1.0517, (0.6,1,1):1.1343, (0.6,1,1.5):1.3376, (0.6,1,2):1.4895, (0.6,1.5,-0.5):1.3520, (0.6,1.5,0):1.2715, (0.6,1.5,0.25):1.2621, (0.6,1.5,0.5):1.2478, (0.6,1.5,0.75):1.2390, (0.6,1.5,1):1.2869, (0.6,1.5,1.5):1.4491, (0.6,1.5,2):1.6145, (0.6,2,-0.5):1.7305, (0.6,2,0):1.6380, (0.6,2,0.25):1.6020, (0.6,2,0.5):1.6062, (0.6,2,0.75):1.6163, (0.6,2,1):1.6316, (0.6,2,1.5):1.6608, (0.6,2,2):1.7999, (0.8,0,-0.5):1.8927, (0.8,0,0):1.8575, (0.8,0,0.25):1.8384, (0.8,0,0.5):1.8173, (0.8,0,0.75):1.7960, (0.8,0,1):1.7748, (0.8,0,1.5):1.7342, (0.8,0,2):1.6975, (0.8,0.25,-0.5):1.7481, (0.8,0.25,0):1.6714, (0.8,0.25,0.25):1.6401, (0.8,0.25,0.5):1.6046, (0.8,0.25,0.75):1.5687, (0.8,0.25,1):1.5441, (0.8,0.25,1.5):1.5095, (0.8,0.25,2):1.4974, (0.8,0.5,-0.5):1.5702, (0.8,0.5,0):1.4919, (0.8,0.5,0.25):1.4531, (0.8,0.5,0.5):1.4183, (0.8,0.5,0.75):1.4053, (0.8,0.5,1):1.4023, (0.8,0.5,1.5):1.4193, (0.8,0.5,2):1.4406, (0.8,0.75,-0.5):1.2976, (0.8,0.75,0):1.2013, (0.8,0.75,0.25):1.1612, (0.8,0.75,0.5):1.1434, (0.8,0.75,0.75):1.1671, (0.8,0.75,1):1.2375, (0.8,0.75,1.5):1.3852, (0.8,0.75,2):1.4846, (0.8,1,-0.5):1.1843, (0.8,1,0):1.0490, (0.8,1,0.25):1.0040, (0.8,1,0.5):0.9946, (0.8,1,0.75):1.0785, (0.8,1,1):1.1814, (0.8,1,1.5):1.4119, (0.8,1,2):1.5644, (0.8,1.5,-0.5):1.3509, (0.8,1.5,0):1.2917, (0.8,1.5,0.25):1.2807, (0.8,1.5,0.5):1.2718, (0.8,1.5,0.75):1.2784, (0.8,1.5,1):1.3421, (0.8,1.5,1.5):1.5243, (0.8,1.5,2):1.7051, (0.8,2,-0.5):1.7470, (0.8,2,0):1.6432, (0.8,2,0.25):1.6272, (0.8,2,0.5):1.6353, (0.8,2,0.75):1.6630, (0.8,2,1):1.6869, (0.8,2,1.5):1.7370, (0.8,2,2):1.9005, (1,0,-0.5):1.8062, (1,0,0):1.7405, (1,0,0.25):1.7111, (1,0,0.5):1.6866, (1,0,0.75):1.6650, (1,0,1):1.6479, (1,0,1.5):1.5995, (1,0,2):1.5515, (1,0.25,-0.5):1.7179, (1,0.25,0):1.6414, (1,0.25,0.25):1.6143, (1,0.25,0.5):1.5938, (1,0.25,0.75):1.5543, (1,0.25,1):1.5164, (1,0.25,1.5):1.5097, (1,0.25,2):1.5274, (1,0.5,-0.5):1.5706, (1,0.5,0):1.4648, (1,0.5,0.25):1.4313, (1,0.5,0.5):1.4189, (1,0.5,0.75):1.4229, (1,0.5,1):1.4287, (1,0.5,1.5):1.4511, (1,0.5,2):1.4915, (1,0.75,-0.5):1.2925, (1,0.75,0):1.1920, (1,0.75,0.25):1.1560, (1,0.75,0.5):1.1497, (1,0.75,0.75):1.2013, (1,0.75,1):1.2932, (1,0.75,1.5):1.4521, (1,0.75,2):1.5389, (1,1,-0.5):1.1891, (1,1,0):1.0432, (1,1,0.25):1.0029, (1,1,0.5):1.0085, (1,1,0.75):1.1160, (1,1,1):1.2383, (1,1,1.5):1.4834, (1,1,2):1.6471, (1,1.5,-0.5):1.3772, (1,1.5,0):1.3125, (1,1.5,0.25):1.3221, (1,1.5,0.5):1.3089, (1,1.5,0.75):1.3400, (1,1.5,1):1.4009, (1,1.5,1.5):1.5952, (1,1.5,2):1.8027, (1,2,-0.5):1.7695, (1,2,0):1.6770, (1,2,0.25):1.6606, (1,2,0.5):1.6738, (1,2,0.75):1.7172, (1,2,1):1.7501, (1,2,1.5):1.8304, (1,2,2):2.0042, (1.3,0,-0.5):1.7115, (1.3,0,0):1.6290, (1.3,0,0.25):1.5945, (1.3,0,0.5):1.5489, (1.3,0,0.75):1.5195, (1.3,0,1):1.4912, (1.3,0,1.5):1.4415, (1.3,0,2):1.4115, (1.3,0.25,-0.5):1.7068, (1.3,0.25,0):1.6228, (1.3,0.25,0.25):1.5859, (1.3,0.25,0.5):1.5534, (1.3,0.25,0.75):1.5417, (1.3,0.25,1):1.5435, (1.3,0.25,1.5):1.5712, (1.3,0.25,2):1.6002, (1.3,0.5,-0.5):1.5719, (1.3,0.5,0):1.4646, (1.3,0.5,0.25):1.4401, (1.3,0.5,0.5):1.4383, (1.3,0.5,0.75):1.4574, (1.3,0.5,1):1.4785, (1.3,0.5,1.5):1.5259, (1.3,0.5,2):1.5904, (1.3,0.75,-0.5):1.3123, (1.3,0.75,0):1.1942, (1.3,0.75,0.25):1.1551, (1.3,0.75,0.5):1.1660, (1.3,0.75,0.75):1.2682, (1.3,0.75,1):1.3904, (1.3,0.75,1.5):1.5349, (1.3,0.75,2):1.6339, (1.3,1,-0.5):1.1945, (1.3,1,0):1.0307, (1.3,1,0.25):0.9952, (1.3,1,0.5):1.0144, (1.3,1,0.75):1.1719, (1.3,1,1):1.3403, (1.3,1,1.5):1.6063, (1.3,1,2):1.7560, (1.3,1.5,-0.5):1.4253, (1.3,1.5,0):1.3152, (1.3,1.5,0.25):1.3276, (1.3,1.5,0.5):1.3447, (1.3,1.5,0.75):1.4078, (1.3,1.5,1):1.5187, (1.3,1.5,1.5):1.7338, (1.3,1.5,2):1.9663, (1.3,2,-0.5):1.7881, (1.3,2,0):1.7234, (1.3,2,0.25):1.7093, (1.3,2,0.5):1.7603, (1.3,2,0.75):1.8145, (1.3,2,1):1.8478, (1.3,2,1.5):1.9947, (1.3,2,2):2.1646

tabular_regression_tabular_exp_MOG_Bike_MoE_Bike_ne1_pe1_ug0_ftM_sl96_ll48_pl96_dm64_nh8_el2_dl1_df2048_expand2_dc4_fc1_ebtimeF_dtTrue_test_0_seed4022 (SETA-HPD)
Coverage: 0.8984, Width: 0.7353, Median Width: 0.7099, c: 1.3000, rho: 0.0000, theta: 0.5000, mog_decompose: True, t_hat: 1.1853, avg_segments: 0.997, frac_multi: 0.0000, frac_empty: 0.0032, single_fold: False

tabular_regression_tabular_exp_MOG_Bike_MoE_Bike_ne1_pe1_ug0_ftM_sl96_ll48_pl96_dm64_nh8_el2_dl1_df2048_expand2_dc4_fc1_ebtimeF_dtTrue_test_0_seed4022 (SETA-HPD Diagnostics)
boundary=True, chosen_c=1.3000, chosen_rho=0.0000, chosen_theta=0.5000, mog_decompose=True, single_fold=False, ref_mog_hpd: coverage=0.8993 width=0.7593 | ref_sta_hpd: coverage=0.8984 width=0.7353 | seta_hpd: coverage=0.8984 width=0.7353
votes (c,rho,theta):n_splits: (1.3,0,0.5):5, (1,0,0.75):2, (1.3,0,0.25):2, (0.4,0,2):1
rho_marginal (rho:best_tune_width): 0:0.7159, 0.25:0.7159, 0.5:0.7159, 0.75:0.7159, 1:0.7159, 1.5:0.7159, 2:0.7159
tuning_surface ((c,rho,theta):tune_width): (0.4,0,-0.5):0.8386, (0.4,0,0):0.8274, (0.4,0,0.25):0.8163, (0.4,0,0.5):0.8045, (0.4,0,0.75):0.7924, (0.4,0,1):0.7781, (0.4,0,1.5):0.7582, (0.4,0,2):0.7346, (0.4,0.25,-0.5):0.8386, (0.4,0.25,0):0.8274, (0.4,0.25,0.25):0.8163, (0.4,0.25,0.5):0.8045, (0.4,0.25,0.75):0.7924, (0.4,0.25,1):0.7781, (0.4,0.25,1.5):0.7582, (0.4,0.25,2):0.7346, (0.4,0.5,-0.5):0.8386, (0.4,0.5,0):0.8274, (0.4,0.5,0.25):0.8163, (0.4,0.5,0.5):0.8045, (0.4,0.5,0.75):0.7924, (0.4,0.5,1):0.7781, (0.4,0.5,1.5):0.7582, (0.4,0.5,2):0.7346, (0.4,0.75,-0.5):0.8386, (0.4,0.75,0):0.8274, (0.4,0.75,0.25):0.8163, (0.4,0.75,0.5):0.8045, (0.4,0.75,0.75):0.7924, (0.4,0.75,1):0.7781, (0.4,0.75,1.5):0.7582, (0.4,0.75,2):0.7346, (0.4,1,-0.5):0.8386, (0.4,1,0):0.8274, (0.4,1,0.25):0.8163, (0.4,1,0.5):0.8045, (0.4,1,0.75):0.7924, (0.4,1,1):0.7781, (0.4,1,1.5):0.7582, (0.4,1,2):0.7346, (0.4,1.5,-0.5):0.8386, (0.4,1.5,0):0.8274, (0.4,1.5,0.25):0.8163, (0.4,1.5,0.5):0.8045, (0.4,1.5,0.75):0.7924, (0.4,1.5,1):0.7781, (0.4,1.5,1.5):0.7582, (0.4,1.5,2):0.7346, (0.4,2,-0.5):0.8386, (0.4,2,0):0.8274, (0.4,2,0.25):0.8163, (0.4,2,0.5):0.8045, (0.4,2,0.75):0.7924, (0.4,2,1):0.7781, (0.4,2,1.5):0.7582, (0.4,2,2):0.7346, (0.6,0,-0.5):0.8146, (0.6,0,0):0.7917, (0.6,0,0.25):0.7756, (0.6,0,0.5):0.7598, (0.6,0,0.75):0.7497, (0.6,0,1):0.7384, (0.6,0,1.5):0.7307, (0.6,0,2):0.7608, (0.6,0.25,-0.5):0.8146, (0.6,0.25,0):0.7917, (0.6,0.25,0.25):0.7756, (0.6,0.25,0.5):0.7598, (0.6,0.25,0.75):0.7497, (0.6,0.25,1):0.7384, (0.6,0.25,1.5):0.7307, (0.6,0.25,2):0.7608, (0.6,0.5,-0.5):0.8146, (0.6,0.5,0):0.7917, (0.6,0.5,0.25):0.7756, (0.6,0.5,0.5):0.7598, (0.6,0.5,0.75):0.7497, (0.6,0.5,1):0.7384, (0.6,0.5,1.5):0.7307, (0.6,0.5,2):0.7608, (0.6,0.75,-0.5):0.8146, (0.6,0.75,0):0.7917, (0.6,0.75,0.25):0.7756, (0.6,0.75,0.5):0.7598, (0.6,0.75,0.75):0.7497, (0.6,0.75,1):0.7384, (0.6,0.75,1.5):0.7307, (0.6,0.75,2):0.7608, (0.6,1,-0.5):0.8146, (0.6,1,0):0.7917, (0.6,1,0.25):0.7756, (0.6,1,0.5):0.7598, (0.6,1,0.75):0.7497, (0.6,1,1):0.7384, (0.6,1,1.5):0.7307, (0.6,1,2):0.7608, (0.6,1.5,-0.5):0.8146, (0.6,1.5,0):0.7917, (0.6,1.5,0.25):0.7756, (0.6,1.5,0.5):0.7598, (0.6,1.5,0.75):0.7497, (0.6,1.5,1):0.7384, (0.6,1.5,1.5):0.7307, (0.6,1.5,2):0.7608, (0.6,2,-0.5):0.8146, (0.6,2,0):0.7917, (0.6,2,0.25):0.7756, (0.6,2,0.5):0.7598, (0.6,2,0.75):0.7497, (0.6,2,1):0.7384, (0.6,2,1.5):0.7307, (0.6,2,2):0.7608, (0.8,0,-0.5):0.8091, (0.8,0,0):0.7618, (0.8,0,0.25):0.7461, (0.8,0,0.5):0.7338, (0.8,0,0.75):0.7333, (0.8,0,1):0.7353, (0.8,0,1.5):0.7588, (0.8,0,2):0.9014, (0.8,0.25,-0.5):0.8091, (0.8,0.25,0):0.7618, (0.8,0.25,0.25):0.7461, (0.8,0.25,0.5):0.7338, (0.8,0.25,0.75):0.7333, (0.8,0.25,1):0.7353, (0.8,0.25,1.5):0.7588, (0.8,0.25,2):0.9014, (0.8,0.5,-0.5):0.8091, (0.8,0.5,0):0.7618, (0.8,0.5,0.25):0.7461, (0.8,0.5,0.5):0.7338, (0.8,0.5,0.75):0.7333, (0.8,0.5,1):0.7353, (0.8,0.5,1.5):0.7588, (0.8,0.5,2):0.9014, (0.8,0.75,-0.5):0.8091, (0.8,0.75,0):0.7618, (0.8,0.75,0.25):0.7461, (0.8,0.75,0.5):0.7338, (0.8,0.75,0.75):0.7333, (0.8,0.75,1):0.7353, (0.8,0.75,1.5):0.7588, (0.8,0.75,2):0.9014, (0.8,1,-0.5):0.8091, (0.8,1,0):0.7618, (0.8,1,0.25):0.7461, (0.8,1,0.5):0.7338, (0.8,1,0.75):0.7333, (0.8,1,1):0.7353, (0.8,1,1.5):0.7588, (0.8,1,2):0.9014, (0.8,1.5,-0.5):0.8091, (0.8,1.5,0):0.7618, (0.8,1.5,0.25):0.7461, (0.8,1.5,0.5):0.7338, (0.8,1.5,0.75):0.7333, (0.8,1.5,1):0.7353, (0.8,1.5,1.5):0.7588, (0.8,1.5,2):0.9014, (0.8,2,-0.5):0.8091, (0.8,2,0):0.7618, (0.8,2,0.25):0.7461, (0.8,2,0.5):0.7338, (0.8,2,0.75):0.7333, (0.8,2,1):0.7353, (0.8,2,1.5):0.7588, (0.8,2,2):0.9014, (1,0,-0.5):0.8037, (1,0,0):0.7483, (1,0,0.25):0.7252, (1,0,0.5):0.7220, (1,0,0.75):0.7299, (1,0,1):0.7510, (1,0,1.5):0.8680, (1,0,2):1.1015, (1,0.25,-0.5):0.8037, (1,0.25,0):0.7483, (1,0.25,0.25):0.7252, (1,0.25,0.5):0.7220, (1,0.25,0.75):0.7299, (1,0.25,1):0.7510, (1,0.25,1.5):0.8680, (1,0.25,2):1.1015, (1,0.5,-0.5):0.8037, (1,0.5,0):0.7483, (1,0.5,0.25):0.7252, (1,0.5,0.5):0.7220, (1,0.5,0.75):0.7299, (1,0.5,1):0.7510, (1,0.5,1.5):0.8680, (1,0.5,2):1.1015, (1,0.75,-0.5):0.8037, (1,0.75,0):0.7483, (1,0.75,0.25):0.7252, (1,0.75,0.5):0.7220, (1,0.75,0.75):0.7299, (1,0.75,1):0.7510, (1,0.75,1.5):0.8680, (1,0.75,2):1.1015, (1,1,-0.5):0.8037, (1,1,0):0.7483, (1,1,0.25):0.7252, (1,1,0.5):0.7220, (1,1,0.75):0.7299, (1,1,1):0.7510, (1,1,1.5):0.8680, (1,1,2):1.1015, (1,1.5,-0.5):0.8037, (1,1.5,0):0.7483, (1,1.5,0.25):0.7252, (1,1.5,0.5):0.7220, (1,1.5,0.75):0.7299, (1,1.5,1):0.7510, (1,1.5,1.5):0.8680, (1,1.5,2):1.1015, (1,2,-0.5):0.8037, (1,2,0):0.7483, (1,2,0.25):0.7252, (1,2,0.5):0.7220, (1,2,0.75):0.7299, (1,2,1):0.7510, (1,2,1.5):0.8680, (1,2,2):1.1015, (1.3,0,-0.5):0.8474, (1.3,0,0):0.7588, (1.3,0,0.25):0.7290, (1.3,0,0.5):0.7159, (1.3,0,0.75):0.7549, (1.3,0,1):0.8356, (1.3,0,1.5):1.1678, (1.3,0,2):1.5265, (1.3,0.25,-0.5):0.8474, (1.3,0.25,0):0.7588, (1.3,0.25,0.25):0.7290, (1.3,0.25,0.5):0.7159, (1.3,0.25,0.75):0.7549, (1.3,0.25,1):0.8356, (1.3,0.25,1.5):1.1678, (1.3,0.25,2):1.5265, (1.3,0.5,-0.5):0.8474, (1.3,0.5,0):0.7588, (1.3,0.5,0.25):0.7290, (1.3,0.5,0.5):0.7159, (1.3,0.5,0.75):0.7549, (1.3,0.5,1):0.8356, (1.3,0.5,1.5):1.1678, (1.3,0.5,2):1.5265, (1.3,0.75,-0.5):0.8474, (1.3,0.75,0):0.7588, (1.3,0.75,0.25):0.7290, (1.3,0.75,0.5):0.7159, (1.3,0.75,0.75):0.7549, (1.3,0.75,1):0.8356, (1.3,0.75,1.5):1.1678, (1.3,0.75,2):1.5265, (1.3,1,-0.5):0.8474, (1.3,1,0):0.7588, (1.3,1,0.25):0.7290, (1.3,1,0.5):0.7159, (1.3,1,0.75):0.7549, (1.3,1,1):0.8356, (1.3,1,1.5):1.1678, (1.3,1,2):1.5265, (1.3,1.5,-0.5):0.8474, (1.3,1.5,0):0.7588, (1.3,1.5,0.25):0.7290, (1.3,1.5,0.5):0.7159, (1.3,1.5,0.75):0.7549, (1.3,1.5,1):0.8356, (1.3,1.5,1.5):1.1678, (1.3,1.5,2):1.5265, (1.3,2,-0.5):0.8474, (1.3,2,0):0.7588, (1.3,2,0.25):0.7290, (1.3,2,0.5):0.7159, (1.3,2,0.75):0.7549, (1.3,2,1):0.8356, (1.3,2,1.5):1.1678, (1.3,2,2):1.5265

tabular_regression_tabular_exp_MOGU_Bike_MoE_Bike_ne2_pe1_ug1_ftM_sl96_ll48_pl96_dm64_nh8_el2_dl1_df2048_expand2_dc4_fc1_ebtimeF_dtTrue_test_0_seed4022 (SETA-HPD)
Coverage: 0.8967, Width: 0.6381, Median Width: 0.6369, c: 1.0000, rho: 0.5000, theta: 0.5000, mog_decompose: True, t_hat: 1.0424, avg_segments: 0.994, frac_multi: 0.0000, frac_empty: 0.0063, single_fold: False

tabular_regression_tabular_exp_MOG_Bike_MoE_Bike_ne2_pe1_ug0_ftM_sl96_ll48_pl96_dm64_nh8_el2_dl1_df2048_expand2_dc4_fc1_ebtimeF_dtTrue_test_0_seed4022 (SETA-HPD)
Coverage: 0.9025, Width: 0.7399, Median Width: 0.6878, c: 1.0000, rho: 0.2500, theta: 0.5000, mog_decompose: True, t_hat: 1.2771, avg_segments: 1.000, frac_multi: 0.0000, frac_empty: 0.0000, single_fold: False

tabular_regression_tabular_exp_MOGU_Bike_MoE_Bike_ne2_pe1_ug1_ftM_sl96_ll48_pl96_dm64_nh8_el2_dl1_df2048_expand2_dc4_fc1_ebtimeF_dtTrue_test_0_seed4022 (SETA-HPD Diagnostics)
boundary=False, chosen_c=1.0000, chosen_rho=0.5000, chosen_theta=0.5000, mog_decompose=True, single_fold=False, ref_mog_hpd: coverage=0.8944 width=0.6424 | ref_sta_hpd: coverage=0.9010 width=0.6402 | seta_hpd: coverage=0.8967 width=0.6381
votes (c,rho,theta):n_splits: (0.8,1.5,0.75):1, (0.8,0,0.5):1, (1.3,1,0):1, (1,2,0.25):1, (0.8,0.25,0.5):1, (1,0.5,0.5):1, (1,0.25,0.5):1, (0.8,0,0.75):1, (1.3,1.5,-0.5):1, (1,0.75,0.25):1
rho_marginal (rho:best_tune_width): 0:0.6279, 0.25:0.6222, 0.5:0.6217, 0.75:0.6212, 1:0.6238, 1.5:0.6253, 2:0.6240
tuning_surface ((c,rho,theta):tune_width): (0.4,0,-0.5):0.9745, (0.4,0,0):0.8663, (0.4,0,0.25):0.8038, (0.4,0,0.5):0.7480, (0.4,0,0.75):0.6928, (0.4,0,1):0.6602, (0.4,0,1.5):0.7520, (0.4,0,2):0.9940, (0.4,0.25,-0.5):0.9738, (0.4,0.25,0):0.8679, (0.4,0.25,0.25):0.8037, (0.4,0.25,0.5):0.7460, (0.4,0.25,0.75):0.6923, (0.4,0.25,1):0.6578, (0.4,0.25,1.5):0.7521, (0.4,0.25,2):0.9915, (0.4,0.5,-0.5):0.9730, (0.4,0.5,0):0.8675, (0.4,0.5,0.25):0.8045, (0.4,0.5,0.5):0.7470, (0.4,0.5,0.75):0.6966, (0.4,0.5,1):0.6589, (0.4,0.5,1.5):0.7527, (0.4,0.5,2):0.9881, (0.4,0.75,-0.5):0.9744, (0.4,0.75,0):0.8666, (0.4,0.75,0.25):0.8082, (0.4,0.75,0.5):0.7480, (0.4,0.75,0.75):0.6977, (0.4,0.75,1):0.6621, (0.4,0.75,1.5):0.7536, (0.4,0.75,2):0.9848, (0.4,1,-0.5):0.9770, (0.4,1,0):0.8670, (0.4,1,0.25):0.8096, (0.4,1,0.5):0.7510, (0.4,1,0.75):0.6998, (0.4,1,1):0.6662, (0.4,1,1.5):0.7552, (0.4,1,2):0.9831, (0.4,1.5,-0.5):0.9793, (0.4,1.5,0):0.8698, (0.4,1.5,0.25):0.8119, (0.4,1.5,0.5):0.7532, (0.4,1.5,0.75):0.7044, (0.4,1.5,1):0.6715, (0.4,1.5,1.5):0.7584, (0.4,1.5,2):0.9792, (0.4,2,-0.5):0.9781, (0.4,2,0):0.8702, (0.4,2,0.25):0.8134, (0.4,2,0.5):0.7602, (0.4,2,0.75):0.7088, (0.4,2,1):0.6776, (0.4,2,1.5):0.7592, (0.4,2,2):0.9758, (0.6,0,-0.5):0.8805, (0.6,0,0):0.7849, (0.6,0,0.25):0.7341, (0.6,0,0.5):0.6853, (0.6,0,0.75):0.6509, (0.6,0,1):0.6318, (0.6,0,1.5):0.7965, (0.6,0,2):1.0473, (0.6,0.25,-0.5):0.8782, (0.6,0.25,0):0.7835, (0.6,0.25,0.25):0.7358, (0.6,0.25,0.5):0.6824, (0.6,0.25,0.75):0.6512, (0.6,0.25,1):0.6331, (0.6,0.25,1.5):0.7876, (0.6,0.25,2):1.0340, (0.6,0.5,-0.5):0.8781, (0.6,0.5,0):0.7837, (0.6,0.5,0.25):0.7370, (0.6,0.5,0.5):0.6827, (0.6,0.5,0.75):0.6530, (0.6,0.5,1):0.6352, (0.6,0.5,1.5):0.7792, (0.6,0.5,2):1.0196, (0.6,0.75,-0.5):0.8768, (0.6,0.75,0):0.7823, (0.6,0.75,0.25):0.7381, (0.6,0.75,0.5):0.6864, (0.6,0.75,0.75):0.6541, (0.6,0.75,1):0.6378, (0.6,0.75,1.5):0.7738, (0.6,0.75,2):1.0049, (0.6,1,-0.5):0.8758, (0.6,1,0):0.7825, (0.6,1,0.25):0.7380, (0.6,1,0.5):0.6878, (0.6,1,0.75):0.6557, (0.6,1,1):0.6413, (0.6,1,1.5):0.7650, (0.6,1,2):0.9958, (0.6,1.5,-0.5):0.8721, (0.6,1.5,0):0.7830, (0.6,1.5,0.25):0.7408, (0.6,1.5,0.5):0.6905, (0.6,1.5,0.75):0.6602, (0.6,1.5,1):0.6487, (0.6,1.5,1.5):0.7529, (0.6,1.5,2):0.9833, (0.6,2,-0.5):0.8704, (0.6,2,0):0.7829, (0.6,2,0.25):0.7416, (0.6,2,0.5):0.6939, (0.6,2,0.75):0.6667, (0.6,2,1):0.6570, (0.6,2,1.5):0.7539, (0.6,2,2):0.9691, (0.8,0,-0.5):0.7814, (0.8,0,0):0.7109, (0.8,0,0.25):0.6669, (0.8,0,0.5):0.6327, (0.8,0,0.75):0.6301, (0.8,0,1):0.6346, (0.8,0,1.5):0.8185, (0.8,0,2):1.0578, (0.8,0.25,-0.5):0.7785, (0.8,0.25,0):0.7104, (0.8,0.25,0.25):0.6664, (0.8,0.25,0.5):0.6296, (0.8,0.25,0.75):0.6292, (0.8,0.25,1):0.6325, (0.8,0.25,1.5):0.7909, (0.8,0.25,2):1.0279, (0.8,0.5,-0.5):0.7784, (0.8,0.5,0):0.7087, (0.8,0.5,0.25):0.6673, (0.8,0.5,0.5):0.6309, (0.8,0.5,0.75):0.6302, (0.8,0.5,1):0.6364, (0.8,0.5,1.5):0.7718, (0.8,0.5,2):1.0042, (0.8,0.75,-0.5):0.7771, (0.8,0.75,0):0.7065, (0.8,0.75,0.25):0.6687, (0.8,0.75,0.5):0.6331, (0.8,0.75,0.75):0.6294, (0.8,0.75,1):0.6385, (0.8,0.75,1.5):0.7576, (0.8,0.75,2):0.9794, (0.8,1,-0.5):0.7758, (0.8,1,0):0.7048, (0.8,1,0.25):0.6701, (0.8,1,0.5):0.6342, (0.8,1,0.75):0.6293, (0.8,1,1):0.6408, (0.8,1,1.5):0.7478, (0.8,1,2):0.9681, (0.8,1.5,-0.5):0.7753, (0.8,1.5,0):0.7048, (0.8,1.5,0.25):0.6710, (0.8,1.5,0.5):0.6376, (0.8,1.5,0.75):0.6315, (0.8,1.5,1):0.6469, (0.8,1.5,1.5):0.7348, (0.8,1.5,2):0.9407, (0.8,2,-0.5):0.7756, (0.8,2,0):0.7055, (0.8,2,0.25):0.6703, (0.8,2,0.5):0.6393, (0.8,2,0.75):0.6358, (0.8,2,1):0.6498, (0.8,2,1.5):0.7310, (0.8,2,2):0.9171, (1,0,-0.5):0.7002, (1,0,0):0.6442, (1,0,0.25):0.6279, (1,0,0.5):0.6298, (1,0,0.75):0.6343, (1,0,1):0.6565, (1,0,1.5):0.8068, (1,0,2):1.0244, (1,0.25,-0.5):0.6986, (1,0.25,0):0.6424, (1,0.25,0.25):0.6272, (1,0.25,0.5):0.6222, (1,0.25,0.75):0.6308, (1,0.25,1):0.6528, (1,0.25,1.5):0.7717, (1,0.25,2):0.9844, (1,0.5,-0.5):0.6960, (1,0.5,0):0.6418, (1,0.5,0.25):0.6260, (1,0.5,0.5):0.6217, (1,0.5,0.75):0.6326, (1,0.5,1):0.6515, (1,0.5,1.5):0.7581, (1,0.5,2):0.9545, (1,0.75,-0.5):0.6948, (1,0.75,0):0.6424, (1,0.75,0.25):0.6249, (1,0.75,0.5):0.6212, (1,0.75,0.75):0.6330, (1,0.75,1):0.6479, (1,0.75,1.5):0.7501, (1,0.75,2):0.9297, (1,1,-0.5):0.6922, (1,1,0):0.6430, (1,1,0.25):0.6251, (1,1,0.5):0.6238, (1,1,0.75):0.6323, (1,1,1):0.6481, (1,1,1.5):0.7445, (1,1,2):0.9122, (1,1.5,-0.5):0.6896, (1,1.5,0):0.6421, (1,1.5,0.25):0.6256, (1,1.5,0.5):0.6253, (1,1.5,0.75):0.6341, (1,1.5,1):0.6512, (1,1.5,1.5):0.7342, (1,1.5,2):0.8829, (1,2,-0.5):0.6899, (1,2,0):0.6423, (1,2,0.25):0.6264, (1,2,0.5):0.6240, (1,2,0.75):0.6363, (1,2,1):0.6509, (1,2,1.5):0.7334, (1,2,2):0.8642, (1.3,0,-0.5):0.6465, (1.3,0,0):0.6487, (1.3,0,0.25):0.6568, (1.3,0,0.5):0.6784, (1.3,0,0.75):0.7186, (1.3,0,1):0.7624, (1.3,0,1.5):0.8687, (1.3,0,2):0.9915, (1.3,0.25,-0.5):0.6447, (1.3,0.25,0):0.6448, (1.3,0.25,0.25):0.6530, (1.3,0.25,0.5):0.6713, (1.3,0.25,0.75):0.7113, (1.3,0.25,1):0.7554, (1.3,0.25,1.5):0.8596, (1.3,0.25,2):0.9778, (1.3,0.5,-0.5):0.6442, (1.3,0.5,0):0.6422, (1.3,0.5,0.25):0.6517, (1.3,0.5,0.5):0.6708, (1.3,0.5,0.75):0.7096, (1.3,0.5,1):0.7485, (1.3,0.5,1.5):0.8457, (1.3,0.5,2):0.9648, (1.3,0.75,-0.5):0.6404, (1.3,0.75,0):0.6429, (1.3,0.75,0.25):0.6519, (1.3,0.75,0.5):0.6718, (1.3,0.75,0.75):0.7071, (1.3,0.75,1):0.7455, (1.3,0.75,1.5):0.8416, (1.3,0.75,2):0.9553, (1.3,1,-0.5):0.6411, (1.3,1,0):0.6427, (1.3,1,0.25):0.6496, (1.3,1,0.5):0.6699, (1.3,1,0.75):0.7061, (1.3,1,1):0.7454, (1.3,1,1.5):0.8360, (1.3,1,2):0.9484, (1.3,1.5,-0.5):0.6443, (1.3,1.5,0):0.6446, (1.3,1.5,0.25):0.6520, (1.3,1.5,0.5):0.6707, (1.3,1.5,0.75):0.7035, (1.3,1.5,1):0.7424, (1.3,1.5,1.5):0.8295, (1.3,1.5,2):0.9335, (1.3,2,-0.5):0.6467, (1.3,2,0):0.6449, (1.3,2,0.25):0.6513, (1.3,2,0.5):0.6686, (1.3,2,0.75):0.7017, (1.3,2,1):0.7407, (1.3,2,1.5):0.8258, (1.3,2,2):0.9274

tabular_regression_tabular_exp_MOG_Bike_MoE_Bike_ne2_pe1_ug0_ftM_sl96_ll48_pl96_dm64_nh8_el2_dl1_df2048_expand2_dc4_fc1_ebtimeF_dtTrue_test_0_seed4022 (SETA-HPD Diagnostics)
boundary=False, chosen_c=1.0000, chosen_rho=0.2500, chosen_theta=0.5000, mog_decompose=True, single_fold=False, ref_mog_hpd: coverage=0.9016 width=0.7940 | ref_sta_hpd: coverage=0.9019 width=0.7729 | seta_hpd: coverage=0.9025 width=0.7399
votes (c,rho,theta):n_splits: (1,0.25,0.5):5, (1,0.25,0.75):1, (1,0.5,0.5):1, (0.8,0.25,0.75):1, (1,0.5,0.25):1, (1,0.25,0.25):1
rho_marginal (rho:best_tune_width): 0:0.7306, 0.25:0.7163, 0.5:0.7227, 0.75:0.7417, 1:0.7597, 1.5:0.7922, 2:0.8182
tuning_surface ((c,rho,theta):tune_width): (0.4,0,-0.5):0.8500, (0.4,0,0):0.8247, (0.4,0,0.25):0.8117, (0.4,0,0.5):0.7963, (0.4,0,0.75):0.7836, (0.4,0,1):0.7732, (0.4,0,1.5):0.7566, (0.4,0,2):0.7306, (0.4,0.25,-0.5):0.8448, (0.4,0.25,0):0.8182, (0.4,0.25,0.25):0.8029, (0.4,0.25,0.5):0.7875, (0.4,0.25,0.75):0.7736, (0.4,0.25,1):0.7636, (0.4,0.25,1.5):0.7440, (0.4,0.25,2):0.7299, (0.4,0.5,-0.5):0.8677, (0.4,0.5,0):0.8324, (0.4,0.5,0.25):0.8198, (0.4,0.5,0.5):0.8006, (0.4,0.5,0.75):0.7827, (0.4,0.5,1):0.7717, (0.4,0.5,1.5):0.7530, (0.4,0.5,2):0.7502, (0.4,0.75,-0.5):0.8851, (0.4,0.75,0):0.8518, (0.4,0.75,0.25):0.8409, (0.4,0.75,0.5):0.8181, (0.4,0.75,0.75):0.8024, (0.4,0.75,1):0.7907, (0.4,0.75,1.5):0.7766, (0.4,0.75,2):0.7655, (0.4,1,-0.5):0.9025, (0.4,1,0):0.8744, (0.4,1,0.25):0.8595, (0.4,1,0.5):0.8475, (0.4,1,0.75):0.8319, (0.4,1,1):0.8136, (0.4,1,1.5):0.7932, (0.4,1,2):0.7831, (0.4,1.5,-0.5):0.9399, (0.4,1.5,0):0.9069, (0.4,1.5,0.25):0.8904, (0.4,1.5,0.5):0.8780, (0.4,1.5,0.75):0.8670, (0.4,1.5,1):0.8574, (0.4,1.5,1.5):0.8323, (0.4,1.5,2):0.8153, (0.4,2,-0.5):0.9710, (0.4,2,0):0.9330, (0.4,2,0.25):0.9225, (0.4,2,0.5):0.9105, (0.4,2,0.75):0.8894, (0.4,2,1):0.8795, (0.4,2,1.5):0.8604, (0.4,2,2):0.8428, (0.6,0,-0.5):0.8230, (0.6,0,0):0.7901, (0.6,0,0.25):0.7754, (0.6,0,0.5):0.7628, (0.6,0,0.75):0.7540, (0.6,0,1):0.7391, (0.6,0,1.5):0.7360, (0.6,0,2):0.7898, (0.6,0.25,-0.5):0.8142, (0.6,0.25,0):0.7847, (0.6,0.25,0.25):0.7690, (0.6,0.25,0.5):0.7520, (0.6,0.25,0.75):0.7409, (0.6,0.25,1):0.7328, (0.6,0.25,1.5):0.7288, (0.6,0.25,2):0.8099, (0.6,0.5,-0.5):0.8260, (0.6,0.5,0):0.7920, (0.6,0.5,0.25):0.7746, (0.6,0.5,0.5):0.7611, (0.6,0.5,0.75):0.7502, (0.6,0.5,1):0.7415, (0.6,0.5,1.5):0.7371, (0.6,0.5,2):0.8347, (0.6,0.75,-0.5):0.8458, (0.6,0.75,0):0.8106, (0.6,0.75,0.25):0.8088, (0.6,0.75,0.5):0.7842, (0.6,0.75,0.75):0.7688, (0.6,0.75,1):0.7584, (0.6,0.75,1.5):0.7525, (0.6,0.75,2):0.8564, (0.6,1,-0.5):0.8688, (0.6,1,0):0.8271, (0.6,1,0.25):0.8208, (0.6,1,0.5):0.8098, (0.6,1,0.75):0.7990, (0.6,1,1):0.7742, (0.6,1,1.5):0.7701, (0.6,1,2):0.8769, (0.6,1.5,-0.5):0.8994, (0.6,1.5,0):0.8627, (0.6,1.5,0.25):0.8496, (0.6,1.5,0.5):0.8318, (0.6,1.5,0.75):0.8226, (0.6,1.5,1):0.8135, (0.6,1.5,1.5):0.8034, (0.6,1.5,2):0.9017, (0.6,2,-0.5):0.9201, (0.6,2,0):0.8883, (0.6,2,0.25):0.8714, (0.6,2,0.5):0.8596, (0.6,2,0.75):0.8454, (0.6,2,1):0.8403, (0.6,2,1.5):0.8277, (0.6,2,2):0.9257, (0.8,0,-0.5):0.8077, (0.8,0,0):0.7639, (0.8,0,0.25):0.7536, (0.8,0,0.5):0.7413, (0.8,0,0.75):0.7360, (0.8,0,1):0.7349, (0.8,0,1.5):0.7792, (0.8,0,2):0.9102, (0.8,0.25,-0.5):0.7932, (0.8,0.25,0):0.7560, (0.8,0.25,0.25):0.7359, (0.8,0.25,0.5):0.7275, (0.8,0.25,0.75):0.7255, (0.8,0.25,1):0.7249, (0.8,0.25,1.5):0.7911, (0.8,0.25,2):0.9326, (0.8,0.5,-0.5):0.8031, (0.8,0.5,0):0.7632, (0.8,0.5,0.25):0.7470, (0.8,0.5,0.5):0.7335, (0.8,0.5,0.75):0.7313, (0.8,0.5,1):0.7272, (0.8,0.5,1.5):0.8011, (0.8,0.5,2):0.9552, (0.8,0.75,-0.5):0.8228, (0.8,0.75,0):0.7777, (0.8,0.75,0.25):0.7689, (0.8,0.75,0.5):0.7593, (0.8,0.75,0.75):0.7449, (0.8,0.75,1):0.7417, (0.8,0.75,1.5):0.8181, (0.8,0.75,2):0.9744, (0.8,1,-0.5):0.8489, (0.8,1,0):0.7984, (0.8,1,0.25):0.7863, (0.8,1,0.5):0.7763, (0.8,1,0.75):0.7654, (0.8,1,1):0.7597, (0.8,1,1.5):0.8311, (0.8,1,2):0.9951, (0.8,1.5,-0.5):0.8741, (0.8,1.5,0):0.8317, (0.8,1.5,0.25):0.8205, (0.8,1.5,0.5):0.8064, (0.8,1.5,0.75):0.8001, (0.8,1.5,1):0.7922, (0.8,1.5,1.5):0.8588, (0.8,1.5,2):1.0250, (0.8,2,-0.5):0.8930, (0.8,2,0):0.8607, (0.8,2,0.25):0.8465, (0.8,2,0.5):0.8371, (0.8,2,0.75):0.8198, (0.8,2,1):0.8192, (0.8,2,1.5):0.8823, (0.8,2,2):1.0508, (1,0,-0.5):0.8005, (1,0,0):0.7579, (1,0,0.25):0.7378, (1,0,0.5):0.7378, (1,0,0.75):0.7366, (1,0,1):0.7578, (1,0,1.5):0.8848, (1,0,2):1.0771, (1,0.25,-0.5):0.7884, (1,0.25,0):0.7416, (1,0.25,0.25):0.7170, (1,0.25,0.5):0.7163, (1,0.25,0.75):0.7266, (1,0.25,1):0.7630, (1,0.25,1.5):0.8995, (1,0.25,2):1.0988, (1,0.5,-0.5):0.7846, (1,0.5,0):0.7467, (1,0.5,0.25):0.7278, (1,0.5,0.5):0.7227, (1,0.5,0.75):0.7323, (1,0.5,1):0.7683, (1,0.5,1.5):0.9147, (1,0.5,2):1.1173, (1,0.75,-0.5):0.8046, (1,0.75,0):0.7649, (1,0.75,0.25):0.7478, (1,0.75,0.5):0.7419, (1,0.75,0.75):0.7439, (1,0.75,1):0.7734, (1,0.75,1.5):0.9264, (1,0.75,2):1.1398, (1,1,-0.5):0.8262, (1,1,0):0.7805, (1,1,0.25):0.7680, (1,1,0.5):0.7673, (1,1,0.75):0.7620, (1,1,1):0.7914, (1,1,1.5):0.9449, (1,1,2):1.1588, (1,1.5,-0.5):0.8645, (1,1.5,0):0.8177, (1,1.5,0.25):0.8010, (1,1.5,0.5):0.7968, (1,1.5,0.75):0.7995, (1,1.5,1):0.8218, (1,1.5,1.5):0.9733, (1,1.5,2):1.1925, (1,2,-0.5):0.8882, (1,2,0):0.8464, (1,2,0.25):0.8231, (1,2,0.5):0.8182, (1,2,0.75):0.8281, (1,2,1):0.8550, (1,2,1.5):0.9884, (1,2,2):1.2199, (1.3,0,-0.5):0.7959, (1.3,0,0):0.7630, (1.3,0,0.25):0.7618, (1.3,0,0.5):0.7741, (1.3,0,0.75):0.8248, (1.3,0,1):0.9058, (1.3,0,1.5):1.1540, (1.3,0,2):1.4417, (1.3,0.25,-0.5):0.7910, (1.3,0.25,0):0.7477, (1.3,0.25,0.25):0.7422, (1.3,0.25,0.5):0.7693, (1.3,0.25,0.75):0.8275, (1.3,0.25,1):0.9102, (1.3,0.25,1.5):1.1634, (1.3,0.25,2):1.4570, (1.3,0.5,-0.5):0.7868, (1.3,0.5,0):0.7489, (1.3,0.5,0.25):0.7571, (1.3,0.5,0.5):0.7742, (1.3,0.5,0.75):0.8350, (1.3,0.5,1):0.9167, (1.3,0.5,1.5):1.1728, (1.3,0.5,2):1.4708, (1.3,0.75,-0.5):0.8077, (1.3,0.75,0):0.7690, (1.3,0.75,0.25):0.7748, (1.3,0.75,0.5):0.7845, (1.3,0.75,0.75):0.8435, (1.3,0.75,1):0.9255, (1.3,0.75,1.5):1.1831, (1.3,0.75,2):1.4865, (1.3,1,-0.5):0.8290, (1.3,1,0):0.8005, (1.3,1,0.25):0.7960, (1.3,1,0.5):0.7954, (1.3,1,0.75):0.8566, (1.3,1,1):0.9369, (1.3,1,1.5):1.1986, (1.3,1,2):1.5035, (1.3,1.5,-0.5):0.8642, (1.3,1.5,0):0.8354, (1.3,1.5,0.25):0.8267, (1.3,1.5,0.5):0.8335, (1.3,1.5,0.75):0.8947, (1.3,1.5,1):0.9728, (1.3,1.5,1.5):1.2257, (1.3,1.5,2):1.5344, (1.3,2,-0.5):0.8947, (1.3,2,0):0.8573, (1.3,2,0.25):0.8498, (1.3,2,0.5):0.8575, (1.3,2,0.75):0.9200, (1.3,2,1):1.0039, (1.3,2,1.5):1.2561, (1.3,2,2):1.5602

tabular_regression_tabular_exp_MOG_Temperature_MoE_Temperature_ne1_pe1_ug0_ftM_sl96_ll48_pl96_dm64_nh8_el2_dl1_df2048_expand2_dc4_fc1_ebtimeF_dtTrue_test_0_seed4022 (SETA-HPD)
Coverage: 0.8926, Width: 1.0133, Median Width: 1.0063, c: 1.0000, rho: 0.0000, theta: 1.0000, mog_decompose: True, t_hat: 2.1019, avg_segments: 1.000, frac_multi: 0.0000, frac_empty: 0.0000, single_fold: False

tabular_regression_tabular_exp_MOG_Temperature_MoE_Temperature_ne1_pe1_ug0_ftM_sl96_ll48_pl96_dm64_nh8_el2_dl1_df2048_expand2_dc4_fc1_ebtimeF_dtTrue_test_0_seed4022 (SETA-HPD Diagnostics)
boundary=True, chosen_c=1.0000, chosen_rho=0.0000, chosen_theta=1.0000, mog_decompose=True, single_fold=False, ref_mog_hpd: coverage=0.8985 width=1.0288 | ref_sta_hpd: coverage=0.8926 width=1.0133 | seta_hpd: coverage=0.8926 width=1.0133
votes (c,rho,theta):n_splits: (1,0,1):3, (0.8,0,-0.5):1, (1.3,0,0):1, (1.3,0,0.5):1, (1,0,1.5):1, (0.4,0,1):1, (0.6,0,1):1, (0.8,0,1.5):1
rho_marginal (rho:best_tune_width): 0:0.9831, 0.25:0.9831, 0.5:0.9831, 0.75:0.9831, 1:0.9831, 1.5:0.9831, 2:0.9831
tuning_surface ((c,rho,theta):tune_width): (0.4,0,-0.5):1.0244, (0.4,0,0):1.0179, (0.4,0,0.25):1.0165, (0.4,0,0.5):1.0159, (0.4,0,0.75):1.0127, (0.4,0,1):1.0083, (0.4,0,1.5):1.0021, (0.4,0,2):0.9986, (0.4,0.25,-0.5):1.0244, (0.4,0.25,0):1.0179, (0.4,0.25,0.25):1.0165, (0.4,0.25,0.5):1.0159, (0.4,0.25,0.75):1.0127, (0.4,0.25,1):1.0083, (0.4,0.25,1.5):1.0021, (0.4,0.25,2):0.9986, (0.4,0.5,-0.5):1.0244, (0.4,0.5,0):1.0179, (0.4,0.5,0.25):1.0165, (0.4,0.5,0.5):1.0159, (0.4,0.5,0.75):1.0127, (0.4,0.5,1):1.0083, (0.4,0.5,1.5):1.0021, (0.4,0.5,2):0.9986, (0.4,0.75,-0.5):1.0244, (0.4,0.75,0):1.0179, (0.4,0.75,0.25):1.0165, (0.4,0.75,0.5):1.0159, (0.4,0.75,0.75):1.0127, (0.4,0.75,1):1.0083, (0.4,0.75,1.5):1.0021, (0.4,0.75,2):0.9986, (0.4,1,-0.5):1.0244, (0.4,1,0):1.0179, (0.4,1,0.25):1.0165, (0.4,1,0.5):1.0159, (0.4,1,0.75):1.0127, (0.4,1,1):1.0083, (0.4,1,1.5):1.0021, (0.4,1,2):0.9986, (0.4,1.5,-0.5):1.0244, (0.4,1.5,0):1.0179, (0.4,1.5,0.25):1.0165, (0.4,1.5,0.5):1.0159, (0.4,1.5,0.75):1.0127, (0.4,1.5,1):1.0083, (0.4,1.5,1.5):1.0021, (0.4,1.5,2):0.9986, (0.4,2,-0.5):1.0244, (0.4,2,0):1.0179, (0.4,2,0.25):1.0165, (0.4,2,0.5):1.0159, (0.4,2,0.75):1.0127, (0.4,2,1):1.0083, (0.4,2,1.5):1.0021, (0.4,2,2):0.9986, (0.6,0,-0.5):1.0156, (0.6,0,0):1.0121, (0.6,0,0.25):1.0064, (0.6,0,0.5):1.0007, (0.6,0,0.75):1.0014, (0.6,0,1):0.9957, (0.6,0,1.5):0.9941, (0.6,0,2):0.9880, (0.6,0.25,-0.5):1.0156, (0.6,0.25,0):1.0121, (0.6,0.25,0.25):1.0064, (0.6,0.25,0.5):1.0007, (0.6,0.25,0.75):1.0014, (0.6,0.25,1):0.9957, (0.6,0.25,1.5):0.9941, (0.6,0.25,2):0.9880, (0.6,0.5,-0.5):1.0156, (0.6,0.5,0):1.0121, (0.6,0.5,0.25):1.0064, (0.6,0.5,0.5):1.0007, (0.6,0.5,0.75):1.0014, (0.6,0.5,1):0.9957, (0.6,0.5,1.5):0.9941, (0.6,0.5,2):0.9880, (0.6,0.75,-0.5):1.0156, (0.6,0.75,0):1.0121, (0.6,0.75,0.25):1.0064, (0.6,0.75,0.5):1.0007, (0.6,0.75,0.75):1.0014, (0.6,0.75,1):0.9957, (0.6,0.75,1.5):0.9941, (0.6,0.75,2):0.9880, (0.6,1,-0.5):1.0156, (0.6,1,0):1.0121, (0.6,1,0.25):1.0064, (0.6,1,0.5):1.0007, (0.6,1,0.75):1.0014, (0.6,1,1):0.9957, (0.6,1,1.5):0.9941, (0.6,1,2):0.9880, (0.6,1.5,-0.5):1.0156, (0.6,1.5,0):1.0121, (0.6,1.5,0.25):1.0064, (0.6,1.5,0.5):1.0007, (0.6,1.5,0.75):1.0014, (0.6,1.5,1):0.9957, (0.6,1.5,1.5):0.9941, (0.6,1.5,2):0.9880, (0.6,2,-0.5):1.0156, (0.6,2,0):1.0121, (0.6,2,0.25):1.0064, (0.6,2,0.5):1.0007, (0.6,2,0.75):1.0014, (0.6,2,1):0.9957, (0.6,2,1.5):0.9941, (0.6,2,2):0.9880, (0.8,0,-0.5):1.0110, (0.8,0,0):1.0023, (0.8,0,0.25):0.9989, (0.8,0,0.5):0.9980, (0.8,0,0.75):0.9940, (0.8,0,1):0.9886, (0.8,0,1.5):0.9846, (0.8,0,2):0.9953, (0.8,0.25,-0.5):1.0110, (0.8,0.25,0):1.0023, (0.8,0.25,0.25):0.9989, (0.8,0.25,0.5):0.9980, (0.8,0.25,0.75):0.9940, (0.8,0.25,1):0.9886, (0.8,0.25,1.5):0.9846, (0.8,0.25,2):0.9953, (0.8,0.5,-0.5):1.0110, (0.8,0.5,0):1.0023, (0.8,0.5,0.25):0.9989, (0.8,0.5,0.5):0.9980, (0.8,0.5,0.75):0.9940, (0.8,0.5,1):0.9886, (0.8,0.5,1.5):0.9846, (0.8,0.5,2):0.9953, (0.8,0.75,-0.5):1.0110, (0.8,0.75,0):1.0023, (0.8,0.75,0.25):0.9989, (0.8,0.75,0.5):0.9980, (0.8,0.75,0.75):0.9940, (0.8,0.75,1):0.9886, (0.8,0.75,1.5):0.9846, (0.8,0.75,2):0.9953, (0.8,1,-0.5):1.0110, (0.8,1,0):1.0023, (0.8,1,0.25):0.9989, (0.8,1,0.5):0.9980, (0.8,1,0.75):0.9940, (0.8,1,1):0.9886, (0.8,1,1.5):0.9846, (0.8,1,2):0.9953, (0.8,1.5,-0.5):1.0110, (0.8,1.5,0):1.0023, (0.8,1.5,0.25):0.9989, (0.8,1.5,0.5):0.9980, (0.8,1.5,0.75):0.9940, (0.8,1.5,1):0.9886, (0.8,1.5,1.5):0.9846, (0.8,1.5,2):0.9953, (0.8,2,-0.5):1.0110, (0.8,2,0):1.0023, (0.8,2,0.25):0.9989, (0.8,2,0.5):0.9980, (0.8,2,0.75):0.9940, (0.8,2,1):0.9886, (0.8,2,1.5):0.9846, (0.8,2,2):0.9953, (1,0,-0.5):1.0073, (1,0,0):0.9979, (1,0,0.25):0.9946, (1,0,0.5):0.9917, (1,0,0.75):0.9854, (1,0,1):0.9831, (1,0,1.5):0.9976, (1,0,2):1.0068, (1,0.25,-0.5):1.0073, (1,0.25,0):0.9979, (1,0.25,0.25):0.9946, (1,0.25,0.5):0.9917, (1,0.25,0.75):0.9854, (1,0.25,1):0.9831, (1,0.25,1.5):0.9976, (1,0.25,2):1.0068, (1,0.5,-0.5):1.0073, (1,0.5,0):0.9979, (1,0.5,0.25):0.9946, (1,0.5,0.5):0.9917, (1,0.5,0.75):0.9854, (1,0.5,1):0.9831, (1,0.5,1.5):0.9976, (1,0.5,2):1.0068, (1,0.75,-0.5):1.0073, (1,0.75,0):0.9979, (1,0.75,0.25):0.9946, (1,0.75,0.5):0.9917, (1,0.75,0.75):0.9854, (1,0.75,1):0.9831, (1,0.75,1.5):0.9976, (1,0.75,2):1.0068, (1,1,-0.5):1.0073, (1,1,0):0.9979, (1,1,0.25):0.9946, (1,1,0.5):0.9917, (1,1,0.75):0.9854, (1,1,1):0.9831, (1,1,1.5):0.9976, (1,1,2):1.0068, (1,1.5,-0.5):1.0073, (1,1.5,0):0.9979, (1,1.5,0.25):0.9946, (1,1.5,0.5):0.9917, (1,1.5,0.75):0.9854, (1,1.5,1):0.9831, (1,1.5,1.5):0.9976, (1,1.5,2):1.0068, (1,2,-0.5):1.0073, (1,2,0):0.9979, (1,2,0.25):0.9946, (1,2,0.5):0.9917, (1,2,0.75):0.9854, (1,2,1):0.9831, (1,2,1.5):0.9976, (1,2,2):1.0068, (1.3,0,-0.5):1.0046, (1.3,0,0):0.9880, (1.3,0,0.25):0.9894, (1.3,0,0.5):0.9832, (1.3,0,0.75):0.9996, (1.3,0,1):1.0003, (1.3,0,1.5):1.0160, (1.3,0,2):1.0509, (1.3,0.25,-0.5):1.0046, (1.3,0.25,0):0.9880, (1.3,0.25,0.25):0.9894, (1.3,0.25,0.5):0.9832, (1.3,0.25,0.75):0.9996, (1.3,0.25,1):1.0003, (1.3,0.25,1.5):1.0160, (1.3,0.25,2):1.0509, (1.3,0.5,-0.5):1.0046, (1.3,0.5,0):0.9880, (1.3,0.5,0.25):0.9894, (1.3,0.5,0.5):0.9832, (1.3,0.5,0.75):0.9996, (1.3,0.5,1):1.0003, (1.3,0.5,1.5):1.0160, (1.3,0.5,2):1.0509, (1.3,0.75,-0.5):1.0046, (1.3,0.75,0):0.9880, (1.3,0.75,0.25):0.9894, (1.3,0.75,0.5):0.9832, (1.3,0.75,0.75):0.9996, (1.3,0.75,1):1.0003, (1.3,0.75,1.5):1.0160, (1.3,0.75,2):1.0509, (1.3,1,-0.5):1.0046, (1.3,1,0):0.9880, (1.3,1,0.25):0.9894, (1.3,1,0.5):0.9832, (1.3,1,0.75):0.9996, (1.3,1,1):1.0003, (1.3,1,1.5):1.0160, (1.3,1,2):1.0509, (1.3,1.5,-0.5):1.0046, (1.3,1.5,0):0.9880, (1.3,1.5,0.25):0.9894, (1.3,1.5,0.5):0.9832, (1.3,1.5,0.75):0.9996, (1.3,1.5,1):1.0003, (1.3,1.5,1.5):1.0160, (1.3,1.5,2):1.0509, (1.3,2,-0.5):1.0046, (1.3,2,0):0.9880, (1.3,2,0.25):0.9894, (1.3,2,0.5):0.9832, (1.3,2,0.75):0.9996, (1.3,2,1):1.0003, (1.3,2,1.5):1.0160, (1.3,2,2):1.0509

tabular_regression_tabular_exp_MOG_Temperature_MoE_Temperature_ne2_pe1_ug0_ftM_sl96_ll48_pl96_dm64_nh8_el2_dl1_df2048_expand2_dc4_fc1_ebtimeF_dtTrue_test_0_seed4022 (SETA-HPD)
Coverage: 0.8860, Width: 0.9673, Median Width: 0.9567, c: 1.3000, rho: 1.0000, theta: 0.2500, mog_decompose: True, t_hat: 1.2140, avg_segments: 1.009, frac_multi: 0.0086, frac_empty: 0.0000, single_fold: False

tabular_regression_tabular_exp_MOGU_Temperature_MoE_Temperature_ne2_pe1_ug1_ftM_sl96_ll48_pl96_dm64_nh8_el2_dl1_df2048_expand2_dc4_fc1_ebtimeF_dtTrue_test_0_seed4022 (SETA-HPD)
Coverage: 0.8939, Width: 0.9912, Median Width: 0.9947, c: 1.3000, rho: 0.5000, theta: 0.2500, mog_decompose: True, t_hat: 1.2483, avg_segments: 1.000, frac_multi: 0.0000, frac_empty: 0.0000, single_fold: False

tabular_regression_tabular_exp_MOG_Temperature_MoE_Temperature_ne2_pe1_ug0_ftM_sl96_ll48_pl96_dm64_nh8_el2_dl1_df2048_expand2_dc4_fc1_ebtimeF_dtTrue_test_0_seed4022 (SETA-HPD Diagnostics)
boundary=True, chosen_c=1.3000, chosen_rho=1.0000, chosen_theta=0.2500, mog_decompose=True, single_fold=False, ref_mog_hpd: coverage=0.8952 width=0.9817 | ref_sta_hpd: coverage=0.8860 width=0.9673 | seta_hpd: coverage=0.8860 width=0.9673
votes (c,rho,theta):n_splits: (1.3,0.5,1):1, (1.3,0.25,-0.5):1, (1.3,0.25,0):1, (1.3,0.75,0.5):1, (0.8,0,2):1, (1,0.5,1):1, (1.3,0.5,0.5):1, (1,0.5,0.75):1, (1.3,1,0.25):1, (1.3,0.75,-0.5):1
rho_marginal (rho:best_tune_width): 0:0.9650, 0.25:0.9548, 0.5:0.9508, 0.75:0.9514, 1:0.9482, 1.5:0.9629, 2:0.9736
tuning_surface ((c,rho,theta):tune_width): (0.4,0,-0.5):1.0033, (0.4,0,0):0.9999, (0.4,0,0.25):0.9966, (0.4,0,0.5):0.9941, (0.4,0,0.75):0.9918, (0.4,0,1):0.9914, (0.4,0,1.5):0.9869, (0.4,0,2):0.9844, (0.4,0.25,-0.5):1.0038, (0.4,0.25,0):1.0051, (0.4,0.25,0.25):1.0030, (0.4,0.25,0.5):1.0012, (0.4,0.25,0.75):0.9979, (0.4,0.25,1):0.9968, (0.4,0.25,1.5):0.9925, (0.4,0.25,2):0.9837, (0.4,0.5,-0.5):1.0034, (0.4,0.5,0):0.9986, (0.4,0.5,0.25):0.9985, (0.4,0.5,0.5):0.9957, (0.4,0.5,0.75):0.9945, (0.4,0.5,1):0.9940, (0.4,0.5,1.5):0.9908, (0.4,0.5,2):0.9878, (0.4,0.75,-0.5):0.9996, (0.4,0.75,0):0.9961, (0.4,0.75,0.25):0.9967, (0.4,0.75,0.5):0.9934, (0.4,0.75,0.75):0.9904, (0.4,0.75,1):0.9914, (0.4,0.75,1.5):0.9919, (0.4,0.75,2):0.9904, (0.4,1,-0.5):1.0034, (0.4,1,0):1.0002, (0.4,1,0.25):0.9947, (0.4,1,0.5):0.9943, (0.4,1,0.75):0.9956, (0.4,1,1):0.9963, (0.4,1,1.5):0.9979, (0.4,1,2):0.9982, (0.4,1.5,-0.5):1.0163, (0.4,1.5,0):1.0222, (0.4,1.5,0.25):1.0235, (0.4,1.5,0.5):1.0139, (0.4,1.5,0.75):1.0075, (0.4,1.5,1):1.0094, (0.4,1.5,1.5):1.0132, (0.4,1.5,2):1.0220, (0.4,2,-0.5):1.0329, (0.4,2,0):1.0330, (0.4,2,0.25):1.0348, (0.4,2,0.5):1.0313, (0.4,2,0.75):1.0374, (0.4,2,1):1.0321, (0.4,2,1.5):1.0305, (0.4,2,2):1.0289, (0.6,0,-0.5):0.9936, (0.6,0,0):0.9873, (0.6,0,0.25):0.9860, (0.6,0,0.5):0.9847, (0.6,0,0.75):0.9804, (0.6,0,1):0.9765, (0.6,0,1.5):0.9650, (0.6,0,2):0.9690, (0.6,0.25,-0.5):0.9968, (0.6,0.25,0):0.9916, (0.6,0.25,0.25):0.9891, (0.6,0.25,0.5):0.9847, (0.6,0.25,0.75):0.9829, (0.6,0.25,1):0.9813, (0.6,0.25,1.5):0.9652, (0.6,0.25,2):0.9614, (0.6,0.5,-0.5):0.9967, (0.6,0.5,0):0.9882, (0.6,0.5,0.25):0.9849, (0.6,0.5,0.5):0.9796, (0.6,0.5,0.75):0.9746, (0.6,0.5,1):0.9736, (0.6,0.5,1.5):0.9728, (0.6,0.5,2):0.9659, (0.6,0.75,-0.5):0.9958, (0.6,0.75,0):0.9888, (0.6,0.75,0.25):0.9854, (0.6,0.75,0.5):0.9813, (0.6,0.75,0.75):0.9791, (0.6,0.75,1):0.9799, (0.6,0.75,1.5):0.9841, (0.6,0.75,2):0.9750, (0.6,1,-0.5):0.9962, (0.6,1,0):0.9928, (0.6,1,0.25):0.9879, (0.6,1,0.5):0.9856, (0.6,1,0.75):0.9861, (0.6,1,1):0.9851, (0.6,1,1.5):0.9902, (0.6,1,2):0.9849, (0.6,1.5,-0.5):1.0076, (0.6,1.5,0):1.0088, (0.6,1.5,0.25):1.0080, (0.6,1.5,0.5):0.9994, (0.6,1.5,0.75):1.0004, (0.6,1.5,1):1.0015, (0.6,1.5,1.5):1.0042, (0.6,1.5,2):1.0064, (0.6,2,-0.5):1.0193, (0.6,2,0):1.0215, (0.6,2,0.25):1.0226, (0.6,2,0.5):1.0199, (0.6,2,0.75):1.0207, (0.6,2,1):1.0214, (0.6,2,1.5):1.0188, (0.6,2,2):1.0253, (0.8,0,-0.5):0.9871, (0.8,0,0):0.9800, (0.8,0,0.25):0.9755, (0.8,0,0.5):0.9660, (0.8,0,0.75):0.9681, (0.8,0,1):0.9671, (0.8,0,1.5):0.9708, (0.8,0,2):0.9689, (0.8,0.25,-0.5):0.9888, (0.8,0.25,0):0.9820, (0.8,0.25,0.25):0.9771, (0.8,0.25,0.5):0.9699, (0.8,0.25,0.75):0.9642, (0.8,0.25,1):0.9611, (0.8,0.25,1.5):0.9562, (0.8,0.25,2):0.9548, (0.8,0.5,-0.5):0.9861, (0.8,0.5,0):0.9778, (0.8,0.5,0.25):0.9738, (0.8,0.5,0.5):0.9693, (0.8,0.5,0.75):0.9661, (0.8,0.5,1):0.9567, (0.8,0.5,1.5):0.9588, (0.8,0.5,2):0.9653, (0.8,0.75,-0.5):0.9870, (0.8,0.75,0):0.9743, (0.8,0.75,0.25):0.9722, (0.8,0.75,0.5):0.9700, (0.8,0.75,0.75):0.9685, (0.8,0.75,1):0.9604, (0.8,0.75,1.5):0.9660, (0.8,0.75,2):0.9778, (0.8,1,-0.5):0.9928, (0.8,1,0):0.9783, (0.8,1,0.25):0.9748, (0.8,1,0.5):0.9764, (0.8,1,0.75):0.9747, (0.8,1,1):0.9667, (0.8,1,1.5):0.9706, (0.8,1,2):0.9884, (0.8,1.5,-0.5):1.0029, (0.8,1.5,0):0.9921, (0.8,1.5,0.25):0.9913, (0.8,1.5,0.5):0.9886, (0.8,1.5,0.75):0.9866, (0.8,1.5,1):0.9841, (0.8,1.5,1.5):0.9834, (0.8,1.5,2):0.9958, (0.8,2,-0.5):1.0099, (0.8,2,0):1.0042, (0.8,2,0.25):1.0024, (0.8,2,0.5):1.0012, (0.8,2,0.75):1.0017, (0.8,2,1):0.9993, (0.8,2,1.5):0.9988, (0.8,2,2):1.0099, (1,0,-0.5):0.9825, (1,0,0):0.9719, (1,0,0.25):0.9691, (1,0,0.5):0.9670, (1,0,0.75):0.9713, (1,0,1):0.9725, (1,0,1.5):0.9693, (1,0,2):0.9861, (1,0.25,-0.5):0.9833, (1,0.25,0):0.9693, (1,0.25,0.25):0.9628, (1,0.25,0.5):0.9635, (1,0.25,0.75):0.9585, (1,0.25,1):0.9587, (1,0.25,1.5):0.9573, (1,0.25,2):0.9679, (1,0.5,-0.5):0.9762, (1,0.5,0):0.9738, (1,0.5,0.25):0.9629, (1,0.5,0.5):0.9566, (1,0.5,0.75):0.9545, (1,0.5,1):0.9551, (1,0.5,1.5):0.9631, (1,0.5,2):0.9677, (1,0.75,-0.5):0.9820, (1,0.75,0):0.9684, (1,0.75,0.25):0.9620, (1,0.75,0.5):0.9518, (1,0.75,0.75):0.9541, (1,0.75,1):0.9584, (1,0.75,1.5):0.9686, (1,0.75,2):0.9790, (1,1,-0.5):0.9871, (1,1,0):0.9720, (1,1,0.25):0.9661, (1,1,0.5):0.9582, (1,1,0.75):0.9591, (1,1,1):0.9639, (1,1,1.5):0.9788, (1,1,2):0.9857, (1,1.5,-0.5):0.9933, (1,1.5,0):0.9807, (1,1.5,0.25):0.9829, (1,1.5,0.5):0.9717, (1,1.5,0.75):0.9690, (1,1.5,1):0.9704, (1,1.5,1.5):0.9877, (1,1.5,2):1.0027, (1,2,-0.5):1.0032, (1,2,0):0.9931, (1,2,0.25):0.9866, (1,2,0.5):0.9841, (1,2,0.75):0.9786, (1,2,1):0.9835, (1,2,1.5):0.9967, (1,2,2):1.0216, (1.3,0,-0.5):0.9728, (1.3,0,0):0.9772, (1.3,0,0.25):0.9735, (1.3,0,0.5):0.9701, (1.3,0,0.75):0.9711, (1.3,0,1):0.9864, (1.3,0,1.5):1.0061, (1.3,0,2):1.0343, (1.3,0.25,-0.5):0.9714, (1.3,0.25,0):0.9654, (1.3,0.25,0.25):0.9617, (1.3,0.25,0.5):0.9640, (1.3,0.25,0.75):0.9601, (1.3,0.25,1):0.9637, (1.3,0.25,1.5):0.9939, (1.3,0.25,2):1.0266, (1.3,0.5,-0.5):0.9699, (1.3,0.5,0):0.9596, (1.3,0.5,0.25):0.9523, (1.3,0.5,0.5):0.9508, (1.3,0.5,0.75):0.9549, (1.3,0.5,1):0.9553, (1.3,0.5,1.5):0.9892, (1.3,0.5,2):1.0186, (1.3,0.75,-0.5):0.9738, (1.3,0.75,0):0.9582, (1.3,0.75,0.25):0.9524, (1.3,0.75,0.5):0.9514, (1.3,0.75,0.75):0.9603, (1.3,0.75,1):0.9619, (1.3,0.75,1.5):0.9819, (1.3,0.75,2):1.0127, (1.3,1,-0.5):0.9788, (1.3,1,0):0.9587, (1.3,1,0.25):0.9482, (1.3,1,0.5):0.9535, (1.3,1,0.75):0.9637, (1.3,1,1):0.9698, (1.3,1,1.5):0.9900, (1.3,1,2):1.0140, (1.3,1.5,-0.5):0.9820, (1.3,1.5,0):0.9743, (1.3,1.5,0.25):0.9667, (1.3,1.5,0.5):0.9629, (1.3,1.5,0.75):0.9652, (1.3,1.5,1):0.9743, (1.3,1.5,1.5):0.9937, (1.3,1.5,2):1.0307, (1.3,2,-0.5):0.9958, (1.3,2,0):0.9831, (1.3,2,0.25):0.9736, (1.3,2,0.5):0.9786, (1.3,2,0.75):0.9823, (1.3,2,1):0.9891, (1.3,2,1.5):1.0194, (1.3,2,2):1.0496

tabular_regression_tabular_exp_MOGU_Temperature_MoE_Temperature_ne2_pe1_ug1_ftM_sl96_ll48_pl96_dm64_nh8_el2_dl1_df2048_expand2_dc4_fc1_ebtimeF_dtTrue_test_0_seed4022 (SETA-HPD Diagnostics)
boundary=True, chosen_c=1.3000, chosen_rho=0.5000, chosen_theta=0.2500, mog_decompose=True, single_fold=False, ref_mog_hpd: coverage=0.8932 width=0.9951 | ref_sta_hpd: coverage=0.8932 width=0.9937 | seta_hpd: coverage=0.8939 width=0.9912
votes (c,rho,theta):n_splits: (1.3,1.5,0):1, (1.3,2,-0.5):1, (0.4,0,-0.5):1, (1.3,0.75,-0.5):1, (1.3,0,0.75):1, (0.6,1.5,1):1, (0.8,0.5,0):1, (1.3,2,0.75):1, (1.3,0.5,0.25):1, (1.3,0.5,0.75):1
rho_marginal (rho:best_tune_width): 0:0.9773, 0.25:0.9729, 0.5:0.9705, 0.75:0.9689, 1:0.9691, 1.5:0.9664, 2:0.9655
tuning_surface ((c,rho,theta):tune_width): (0.4,0,-0.5):0.9960, (0.4,0,0):0.9941, (0.4,0,0.25):0.9899, (0.4,0,0.5):0.9894, (0.4,0,0.75):0.9876, (0.4,0,1):0.9837, (0.4,0,1.5):0.9849, (0.4,0,2):0.9793, (0.4,0.25,-0.5):0.9963, (0.4,0.25,0):0.9919, (0.4,0.25,0.25):0.9888, (0.4,0.25,0.5):0.9877, (0.4,0.25,0.75):0.9850, (0.4,0.25,1):0.9833, (0.4,0.25,1.5):0.9829, (0.4,0.25,2):0.9783, (0.4,0.5,-0.5):0.9968, (0.4,0.5,0):0.9914, (0.4,0.5,0.25):0.9886, (0.4,0.5,0.5):0.9884, (0.4,0.5,0.75):0.9852, (0.4,0.5,1):0.9852, (0.4,0.5,1.5):0.9833, (0.4,0.5,2):0.9790, (0.4,0.75,-0.5):0.9974, (0.4,0.75,0):0.9910, (0.4,0.75,0.25):0.9892, (0.4,0.75,0.5):0.9878, (0.4,0.75,0.75):0.9869, (0.4,0.75,1):0.9861, (0.4,0.75,1.5):0.9849, (0.4,0.75,2):0.9816, (0.4,1,-0.5):0.9979, (0.4,1,0):0.9906, (0.4,1,0.25):0.9900, (0.4,1,0.5):0.9885, (0.4,1,0.75):0.9882, (0.4,1,1):0.9860, (0.4,1,1.5):0.9867, (0.4,1,2):0.9843, (0.4,1.5,-0.5):0.9986, (0.4,1.5,0):0.9910, (0.4,1.5,0.25):0.9916, (0.4,1.5,0.5):0.9899, (0.4,1.5,0.75):0.9881, (0.4,1.5,1):0.9873, (0.4,1.5,1.5):0.9866, (0.4,1.5,2):0.9890, (0.4,2,-0.5):0.9987, (0.4,2,0):0.9919, (0.4,2,0.25):0.9933, (0.4,2,0.5):0.9912, (0.4,2,0.75):0.9889, (0.4,2,1):0.9917, (0.4,2,1.5):0.9893, (0.4,2,2):0.9902, (0.6,0,-0.5):0.9943, (0.6,0,0):0.9881, (0.6,0,0.25):0.9833, (0.6,0,0.5):0.9841, (0.6,0,0.75):0.9843, (0.6,0,1):0.9792, (0.6,0,1.5):0.9841, (0.6,0,2):0.9794, (0.6,0.25,-0.5):0.9943, (0.6,0.25,0):0.9865, (0.6,0.25,0.25):0.9831, (0.6,0.25,0.5):0.9818, (0.6,0.25,0.75):0.9825, (0.6,0.25,1):0.9789, (0.6,0.25,1.5):0.9821, (0.6,0.25,2):0.9776, (0.6,0.5,-0.5):0.9945, (0.6,0.5,0):0.9859, (0.6,0.5,0.25):0.9848, (0.6,0.5,0.5):0.9816, (0.6,0.5,0.75):0.9808, (0.6,0.5,1):0.9775, (0.6,0.5,1.5):0.9808, (0.6,0.5,2):0.9767, (0.6,0.75,-0.5):0.9945, (0.6,0.75,0):0.9864, (0.6,0.75,0.25):0.9846, (0.6,0.75,0.5):0.9827, (0.6,0.75,0.75):0.9818, (0.6,0.75,1):0.9777, (0.6,0.75,1.5):0.9821, (0.6,0.75,2):0.9781, (0.6,1,-0.5):0.9948, (0.6,1,0):0.9870, (0.6,1,0.25):0.9846, (0.6,1,0.5):0.9831, (0.6,1,0.75):0.9826, (0.6,1,1):0.9784, (0.6,1,1.5):0.9828, (0.6,1,2):0.9781, (0.6,1.5,-0.5):0.9948, (0.6,1.5,0):0.9884, (0.6,1.5,0.25):0.9843, (0.6,1.5,0.5):0.9845, (0.6,1.5,0.75):0.9849, (0.6,1.5,1):0.9807, (0.6,1.5,1.5):0.9827, (0.6,1.5,2):0.9810, (0.6,2,-0.5):0.9958, (0.6,2,0):0.9901, (0.6,2,0.25):0.9839, (0.6,2,0.5):0.9852, (0.6,2,0.75):0.9861, (0.6,2,1):0.9828, (0.6,2,1.5):0.9842, (0.6,2,2):0.9788, (0.8,0,-0.5):0.9862, (0.8,0,0):0.9821, (0.8,0,0.25):0.9815, (0.8,0,0.5):0.9799, (0.8,0,0.75):0.9836, (0.8,0,1):0.9788, (0.8,0,1.5):0.9815, (0.8,0,2):0.9873, (0.8,0.25,-0.5):0.9865, (0.8,0.25,0):0.9799, (0.8,0.25,0.25):0.9816, (0.8,0.25,0.5):0.9786, (0.8,0.25,0.75):0.9815, (0.8,0.25,1):0.9779, (0.8,0.25,1.5):0.9786, (0.8,0.25,2):0.9852, (0.8,0.5,-0.5):0.9860, (0.8,0.5,0):0.9801, (0.8,0.5,0.25):0.9795, (0.8,0.5,0.5):0.9779, (0.8,0.5,0.75):0.9804, (0.8,0.5,1):0.9772, (0.8,0.5,1.5):0.9796, (0.8,0.5,2):0.9826, (0.8,0.75,-0.5):0.9870, (0.8,0.75,0):0.9801, (0.8,0.75,0.25):0.9795, (0.8,0.75,0.5):0.9775, (0.8,0.75,0.75):0.9798, (0.8,0.75,1):0.9785, (0.8,0.75,1.5):0.9787, (0.8,0.75,2):0.9844, (0.8,1,-0.5):0.9889, (0.8,1,0):0.9809, (0.8,1,0.25):0.9788, (0.8,1,0.5):0.9756, (0.8,1,0.75):0.9799, (0.8,1,1):0.9787, (0.8,1,1.5):0.9754, (0.8,1,2):0.9819, (0.8,1.5,-0.5):0.9895, (0.8,1.5,0):0.9825, (0.8,1.5,0.25):0.9797, (0.8,1.5,0.5):0.9758, (0.8,1.5,0.75):0.9813, (0.8,1.5,1):0.9803, (0.8,1.5,1.5):0.9733, (0.8,1.5,2):0.9815, (0.8,2,-0.5):0.9906, (0.8,2,0):0.9837, (0.8,2,0.25):0.9804, (0.8,2,0.5):0.9784, (0.8,2,0.75):0.9824, (0.8,2,1):0.9799, (0.8,2,1.5):0.9778, (0.8,2,2):0.9878, (1,0,-0.5):0.9837, (1,0,0):0.9785, (1,0,0.25):0.9826, (1,0,0.5):0.9781, (1,0,0.75):0.9775, (1,0,1):0.9814, (1,0,1.5):0.9929, (1,0,2):1.0142, (1,0.25,-0.5):0.9844, (1,0.25,0):0.9783, (1,0.25,0.25):0.9807, (1,0.25,0.5):0.9761, (1,0.25,0.75):0.9729, (1,0.25,1):0.9783, (1,0.25,1.5):0.9900, (1,0.25,2):1.0112, (1,0.5,-0.5):0.9839, (1,0.5,0):0.9768, (1,0.5,0.25):0.9778, (1,0.5,0.5):0.9756, (1,0.5,0.75):0.9730, (1,0.5,1):0.9764, (1,0.5,1.5):0.9866, (1,0.5,2):1.0079, (1,0.75,-0.5):0.9831, (1,0.75,0):0.9763, (1,0.75,0.25):0.9778, (1,0.75,0.5):0.9764, (1,0.75,0.75):0.9724, (1,0.75,1):0.9762, (1,0.75,1.5):0.9852, (1,0.75,2):1.0072, (1,1,-0.5):0.9830, (1,1,0):0.9753, (1,1,0.25):0.9785, (1,1,0.5):0.9761, (1,1,0.75):0.9722, (1,1,1):0.9754, (1,1,1.5):0.9851, (1,1,2):1.0062, (1,1.5,-0.5):0.9830, (1,1.5,0):0.9747, (1,1.5,0.25):0.9784, (1,1.5,0.5):0.9778, (1,1.5,0.75):0.9735, (1,1.5,1):0.9712, (1,1.5,1.5):0.9830, (1,1.5,2):1.0092, (1,2,-0.5):0.9823, (1,2,0):0.9764, (1,2,0.25):0.9810, (1,2,0.5):0.9790, (1,2,0.75):0.9758, (1,2,1):0.9737, (1,2,1.5):0.9875, (1,2,2):1.0111, (1.3,0,-0.5):0.9817, (1.3,0,0):0.9773, (1.3,0,0.25):0.9827, (1.3,0,0.5):0.9877, (1.3,0,0.75):0.9918, (1.3,0,1):1.0087, (1.3,0,1.5):1.0376, (1.3,0,2):1.0774, (1.3,0.25,-0.5):0.9763, (1.3,0.25,0):0.9745, (1.3,0.25,0.25):0.9738, (1.3,0.25,0.5):0.9798, (1.3,0.25,0.75):0.9844, (1.3,0.25,1):1.0025, (1.3,0.25,1.5):1.0309, (1.3,0.25,2):1.0697, (1.3,0.5,-0.5):0.9751, (1.3,0.5,0):0.9739, (1.3,0.5,0.25):0.9705, (1.3,0.5,0.5):0.9757, (1.3,0.5,0.75):0.9811, (1.3,0.5,1):1.0010, (1.3,0.5,1.5):1.0286, (1.3,0.5,2):1.0685, (1.3,0.75,-0.5):0.9748, (1.3,0.75,0):0.9748, (1.3,0.75,0.25):0.9689, (1.3,0.75,0.5):0.9748, (1.3,0.75,0.75):0.9806, (1.3,0.75,1):0.9962, (1.3,0.75,1.5):1.0276, (1.3,0.75,2):1.0691, (1.3,1,-0.5):0.9749, (1.3,1,0):0.9751, (1.3,1,0.25):0.9691, (1.3,1,0.5):0.9720, (1.3,1,0.75):0.9803, (1.3,1,1):0.9956, (1.3,1,1.5):1.0273, (1.3,1,2):1.0706, (1.3,1.5,-0.5):0.9763, (1.3,1.5,0):0.9752, (1.3,1.5,0.25):0.9664, (1.3,1.5,0.5):0.9699, (1.3,1.5,0.75):0.9769, (1.3,1.5,1):0.9891, (1.3,1.5,1.5):1.0263, (1.3,1.5,2):1.0704, (1.3,2,-0.5):0.9777, (1.3,2,0):0.9737, (1.3,2,0.25):0.9655, (1.3,2,0.5):0.9700, (1.3,2,0.75):0.9743, (1.3,2,1):0.9886, (1.3,2,1.5):1.0278, (1.3,2,2):1.0671

tabular_regression_tabular_exp_MOG_Superconductivity_MoE_Superconductivity_ne3_pe1_ug0_ftM_sl96_ll48_pl96_dm128_nh8_el2_dl1_df2048_expand2_dc4_fc1_ebtimeF_dtTrue_test_0_seed4022 (SETA-HPD)
Coverage: 0.8890, Width: 0.7849, Median Width: 0.7548, c: 0.8000, rho: 0.7500, theta: 0.5000, mog_decompose: True, t_hat: 1.5670, avg_segments: 1.042, frac_multi: 0.0419, frac_empty: 0.0000, single_fold: False

tabular_regression_tabular_exp_MOG_Superconductivity_MoE_Superconductivity_ne1_pe1_ug0_ftM_sl96_ll48_pl96_dm128_nh8_el2_dl1_df2048_expand2_dc4_fc1_ebtimeF_dtTrue_test_0_seed4022 (SETA-HPD)
Coverage: 0.9024, Width: 0.9941, Median Width: 0.9678, c: 1.3000, rho: 0.0000, theta: 0.2500, mog_decompose: True, t_hat: 1.2515, avg_segments: 1.000, frac_multi: 0.0000, frac_empty: 0.0000, single_fold: False

tabular_regression_tabular_exp_MOG_Superconductivity_MoE_Superconductivity_ne3_pe1_ug0_ftM_sl96_ll48_pl96_dm128_nh8_el2_dl1_df2048_expand2_dc4_fc1_ebtimeF_dtTrue_test_0_seed4022 (SETA-HPD Diagnostics)
boundary=False, chosen_c=0.8000, chosen_rho=0.7500, chosen_theta=0.5000, mog_decompose=True, single_fold=False, ref_mog_hpd: coverage=0.8923 width=0.7964 | ref_sta_hpd: coverage=0.8899 width=0.7816 | seta_hpd: coverage=0.8890 width=0.7849
votes (c,rho,theta):n_splits: (0.8,0.75,0.5):2, (0.8,0.5,0.75):1, (0.8,1,0.5):1, (0.6,0.75,0.75):1, (1.3,0.5,-0.5):1, (0.8,1,0.25):1, (0.8,0.5,0.5):1, (0.6,1,0.5):1, (1,0.5,0.25):1
rho_marginal (rho:best_tune_width): 0:0.8087, 0.25:0.7824, 0.5:0.7637, 0.75:0.7617, 1:0.7644, 1.5:0.7997, 2:0.8657
tuning_surface ((c,rho,theta):tune_width): (0.4,0,-0.5):0.9495, (0.4,0,0):0.9360, (0.4,0,0.25):0.9289, (0.4,0,0.5):0.9221, (0.4,0,0.75):0.9146, (0.4,0,1):0.9074, (0.4,0,1.5):0.8948, (0.4,0,2):0.8783, (0.4,0.25,-0.5):0.9204, (0.4,0.25,0):0.9001, (0.4,0.25,0.25):0.8898, (0.4,0.25,0.5):0.8810, (0.4,0.25,0.75):0.8675, (0.4,0.25,1):0.8615, (0.4,0.25,1.5):0.8367, (0.4,0.25,2):0.8185, (0.4,0.5,-0.5):0.8947, (0.4,0.5,0):0.8675, (0.4,0.5,0.25):0.8540, (0.4,0.5,0.5):0.8444, (0.4,0.5,0.75):0.8334, (0.4,0.5,1):0.8251, (0.4,0.5,1.5):0.8070, (0.4,0.5,2):0.8162, (0.4,0.75,-0.5):0.8705, (0.4,0.75,0):0.8405, (0.4,0.75,0.25):0.8322, (0.4,0.75,0.5):0.8260, (0.4,0.75,0.75):0.8112, (0.4,0.75,1):0.8037, (0.4,0.75,1.5):0.8067, (0.4,0.75,2):0.8493, (0.4,1,-0.5):0.8855, (0.4,1,0):0.8479, (0.4,1,0.25):0.8356, (0.4,1,0.5):0.8258, (0.4,1,0.75):0.8161, (0.4,1,1):0.8124, (0.4,1,1.5):0.8243, (0.4,1,2):0.8895, (0.4,1.5,-0.5):0.9653, (0.4,1.5,0):0.9248, (0.4,1.5,0.25):0.9071, (0.4,1.5,0.5):0.8928, (0.4,1.5,0.75):0.8800, (0.4,1.5,1):0.8737, (0.4,1.5,1.5):0.8937, (0.4,1.5,2):0.9828, (0.4,2,-0.5):1.0397, (0.4,2,0):1.0087, (0.4,2,0.25):0.9947, (0.4,2,0.5):0.9706, (0.4,2,0.75):0.9622, (0.4,2,1):0.9557, (0.4,2,1.5):0.9870, (0.4,2,2):1.0690, (0.6,0,-0.5):0.8889, (0.6,0,0):0.8734, (0.6,0,0.25):0.8664, (0.6,0,0.5):0.8596, (0.6,0,0.75):0.8504, (0.6,0,1):0.8433, (0.6,0,1.5):0.8290, (0.6,0,2):0.8109, (0.6,0.25,-0.5):0.8809, (0.6,0.25,0):0.8592, (0.6,0.25,0.25):0.8475, (0.6,0.25,0.5):0.8335, (0.6,0.25,0.75):0.8224, (0.6,0.25,1):0.8149, (0.6,0.25,1.5):0.7980, (0.6,0.25,2):0.8114, (0.6,0.5,-0.5):0.8477, (0.6,0.5,0):0.8257, (0.6,0.5,0.25):0.8111, (0.6,0.5,0.5):0.8006, (0.6,0.5,0.75):0.7915, (0.6,0.5,1):0.7859, (0.6,0.5,1.5):0.8034, (0.6,0.5,2):0.8505, (0.6,0.75,-0.5):0.8316, (0.6,0.75,0):0.8054, (0.6,0.75,0.25):0.7912, (0.6,0.75,0.5):0.7808, (0.6,0.75,0.75):0.7723, (0.6,0.75,1):0.7827, (0.6,0.75,1.5):0.8268, (0.6,0.75,2):0.9089, (0.6,1,-0.5):0.8414, (0.6,1,0):0.8054, (0.6,1,0.25):0.7877, (0.6,1,0.5):0.7792, (0.6,1,0.75):0.7863, (0.6,1,1):0.7955, (0.6,1,1.5):0.8517, (0.6,1,2):0.9698, (0.6,1.5,-0.5):0.9018, (0.6,1.5,0):0.8634, (0.6,1.5,0.25):0.8409, (0.6,1.5,0.5):0.8281, (0.6,1.5,0.75):0.8191, (0.6,1.5,1):0.8419, (0.6,1.5,1.5):0.9288, (0.6,1.5,2):1.0782, (0.6,2,-0.5):0.9621, (0.6,2,0):0.9328, (0.6,2,0.25):0.9125, (0.6,2,0.5):0.8977, (0.6,2,0.75):0.8889, (0.6,2,1):0.9101, (0.6,2,1.5):1.0066, (0.6,2,2):1.1782, (0.8,0,-0.5):0.8526, (0.8,0,0):0.8398, (0.8,0,0.25):0.8327, (0.8,0,0.5):0.8232, (0.8,0,0.75):0.8161, (0.8,0,1):0.8104, (0.8,0,1.5):0.8087, (0.8,0,2):0.8319, (0.8,0.25,-0.5):0.8436, (0.8,0.25,0):0.8172, (0.8,0.25,0.25):0.8063, (0.8,0.25,0.5):0.7984, (0.8,0.25,0.75):0.7917, (0.8,0.25,1):0.7950, (0.8,0.25,1.5):0.8245, (0.8,0.25,2):0.8835, (0.8,0.5,-0.5):0.8073, (0.8,0.5,0):0.7862, (0.8,0.5,0.25):0.7786, (0.8,0.5,0.5):0.7692, (0.8,0.5,0.75):0.7722, (0.8,0.5,1):0.7872, (0.8,0.5,1.5):0.8485, (0.8,0.5,2):0.9508, (0.8,0.75,-0.5):0.8052, (0.8,0.75,0):0.7715, (0.8,0.75,0.25):0.7669, (0.8,0.75,0.5):0.7617, (0.8,0.75,0.75):0.7677, (0.8,0.75,1):0.7887, (0.8,0.75,1.5):0.8793, (0.8,0.75,2):1.0183, (0.8,1,-0.5):0.8087, (0.8,1,0):0.7780, (0.8,1,0.25):0.7644, (0.8,1,0.5):0.7655, (0.8,1,0.75):0.7820, (0.8,1,1):0.8090, (0.8,1,1.5):0.9211, (0.8,1,2):1.0843, (0.8,1.5,-0.5):0.8682, (0.8,1.5,0):0.8298, (0.8,1.5,0.25):0.8107, (0.8,1.5,0.5):0.7997, (0.8,1.5,0.75):0.8230, (0.8,1.5,1):0.8637, (0.8,1.5,1.5):0.9982, (0.8,1.5,2):1.2135, (0.8,2,-0.5):0.9173, (0.8,2,0):0.8892, (0.8,2,0.25):0.8722, (0.8,2,0.5):0.8663, (0.8,2,0.75):0.8735, (0.8,2,1):0.9211, (0.8,2,1.5):1.0851, (0.8,2,2):1.3219, (1,0,-0.5):0.8344, (1,0,0):0.8238, (1,0,0.25):0.8146, (1,0,0.5):0.8108, (1,0,0.75):0.8127, (1,0,1):0.8260, (1,0,1.5):0.8751, (1,0,2):0.9724, (1,0.25,-0.5):0.8115, (1,0.25,0):0.7888, (1,0.25,0.25):0.7824, (1,0.25,0.5):0.7852, (1,0.25,0.75):0.8029, (1,0.25,1):0.8276, (1,0.25,1.5):0.9050, (1,0.25,2):1.0275, (1,0.5,-0.5):0.7946, (1,0.5,0):0.7732, (1,0.5,0.25):0.7637, (1,0.5,0.5):0.7711, (1,0.5,0.75):0.7892, (1,0.5,1):0.8297, (1,0.5,1.5):0.9407, (1,0.5,2):1.1006, (1,0.75,-0.5):0.7967, (1,0.75,0):0.7736, (1,0.75,0.25):0.7642, (1,0.75,0.5):0.7705, (1,0.75,0.75):0.7907, (1,0.75,1):0.8403, (1,0.75,1.5):0.9731, (1,0.75,2):1.1772, (1,1,-0.5):0.8069, (1,1,0):0.7848, (1,1,0.25):0.7737, (1,1,0.5):0.7790, (1,1,0.75):0.8120, (1,1,1):0.8675, (1,1,1.5):1.0121, (1,1,2):1.2471, (1,1.5,-0.5):0.8528, (1,1.5,0):0.8103, (1,1.5,0.25):0.8102, (1,1.5,0.5):0.8296, (1,1.5,0.75):0.8650, (1,1.5,1):0.9190, (1,1.5,1.5):1.1053, (1,1.5,2):1.3777, (1,2,-0.5):0.9007, (1,2,0):0.8722, (1,2,0.25):0.8657, (1,2,0.5):0.8715, (1,2,0.75):0.9196, (1,2,1):0.9856, (1,2,1.5):1.1926, (1,2,2):1.4930, (1.3,0,-0.5):0.8354, (1.3,0,0):0.8338, (1.3,0,0.25):0.8452, (1.3,0,0.5):0.8671, (1.3,0,0.75):0.9098, (1.3,0,1):0.9621, (1.3,0,1.5):1.1362, (1.3,0,2):1.4137, (1.3,0.25,-0.5):0.8110, (1.3,0.25,0):0.8097, (1.3,0.25,0.25):0.8148, (1.3,0.25,0.5):0.8474, (1.3,0.25,0.75):0.9053, (1.3,0.25,1):0.9726, (1.3,0.25,1.5):1.1652, (1.3,0.25,2):1.4547, (1.3,0.5,-0.5):0.8011, (1.3,0.5,0):0.7990, (1.3,0.5,0.25):0.8081, (1.3,0.5,0.5):0.8448, (1.3,0.5,0.75):0.9030, (1.3,0.5,1):0.9758, (1.3,0.5,1.5):1.2002, (1.3,0.5,2):1.5107, (1.3,0.75,-0.5):0.8151, (1.3,0.75,0):0.8098, (1.3,0.75,0.25):0.8176, (1.3,0.75,0.5):0.8591, (1.3,0.75,0.75):0.9055, (1.3,0.75,1):0.9778, (1.3,0.75,1.5):1.2502, (1.3,0.75,2):1.5693, (1.3,1,-0.5):0.8169, (1.3,1,0):0.8169, (1.3,1,0.25):0.8427, (1.3,1,0.5):0.8766, (1.3,1,0.75):0.9218, (1.3,1,1):1.0047, (1.3,1,1.5):1.3012, (1.3,1,2):1.6274, (1.3,1.5,-0.5):0.8697, (1.3,1.5,0):0.8644, (1.3,1.5,0.25):0.8791, (1.3,1.5,0.5):0.9107, (1.3,1.5,0.75):0.9816, (1.3,1.5,1):1.0721, (1.3,1.5,1.5):1.4004, (1.3,1.5,2):1.7406, (1.3,2,-0.5):0.9111, (1.3,2,0):0.9141, (1.3,2,0.25):0.9243, (1.3,2,0.5):0.9684, (1.3,2,0.75):1.0394, (1.3,2,1):1.1372, (1.3,2,1.5):1.4935, (1.3,2,2):1.8499

tabular_regression_tabular_exp_MOG_Superconductivity_MoE_Superconductivity_ne1_pe1_ug0_ftM_sl96_ll48_pl96_dm128_nh8_el2_dl1_df2048_expand2_dc4_fc1_ebtimeF_dtTrue_test_0_seed4022 (SETA-HPD Diagnostics)
boundary=True, chosen_c=1.3000, chosen_rho=0.0000, chosen_theta=0.2500, mog_decompose=True, single_fold=False, ref_mog_hpd: coverage=0.8977 width=1.0147 | ref_sta_hpd: coverage=0.9024 width=0.9941 | seta_hpd: coverage=0.9024 width=0.9941
votes (c,rho,theta):n_splits: (1.3,0,0.25):4, (1,0,0.75):3, (0.6,0,1.5):1, (0.8,0,0.75):1, (0.8,0,1):1
rho_marginal (rho:best_tune_width): 0:0.9573, 0.25:0.9573, 0.5:0.9573, 0.75:0.9573, 1:0.9573, 1.5:0.9573, 2:0.9573
tuning_surface ((c,rho,theta):tune_width): (0.4,0,-0.5):1.1778, (0.4,0,0):1.1479, (0.4,0,0.25):1.1311, (0.4,0,0.5):1.1192, (0.4,0,0.75):1.1056, (0.4,0,1):1.0914, (0.4,0,1.5):1.0594, (0.4,0,2):1.0263, (0.4,0.25,-0.5):1.1778, (0.4,0.25,0):1.1479, (0.4,0.25,0.25):1.1311, (0.4,0.25,0.5):1.1192, (0.4,0.25,0.75):1.1056, (0.4,0.25,1):1.0914, (0.4,0.25,1.5):1.0594, (0.4,0.25,2):1.0263, (0.4,0.5,-0.5):1.1778, (0.4,0.5,0):1.1479, (0.4,0.5,0.25):1.1311, (0.4,0.5,0.5):1.1192, (0.4,0.5,0.75):1.1056, (0.4,0.5,1):1.0914, (0.4,0.5,1.5):1.0594, (0.4,0.5,2):1.0263, (0.4,0.75,-0.5):1.1778, (0.4,0.75,0):1.1479, (0.4,0.75,0.25):1.1311, (0.4,0.75,0.5):1.1192, (0.4,0.75,0.75):1.1056, (0.4,0.75,1):1.0914, (0.4,0.75,1.5):1.0594, (0.4,0.75,2):1.0263, (0.4,1,-0.5):1.1778, (0.4,1,0):1.1479, (0.4,1,0.25):1.1311, (0.4,1,0.5):1.1192, (0.4,1,0.75):1.1056, (0.4,1,1):1.0914, (0.4,1,1.5):1.0594, (0.4,1,2):1.0263, (0.4,1.5,-0.5):1.1778, (0.4,1.5,0):1.1479, (0.4,1.5,0.25):1.1311, (0.4,1.5,0.5):1.1192, (0.4,1.5,0.75):1.1056, (0.4,1.5,1):1.0914, (0.4,1.5,1.5):1.0594, (0.4,1.5,2):1.0263, (0.4,2,-0.5):1.1778, (0.4,2,0):1.1479, (0.4,2,0.25):1.1311, (0.4,2,0.5):1.1192, (0.4,2,0.75):1.1056, (0.4,2,1):1.0914, (0.4,2,1.5):1.0594, (0.4,2,2):1.0263, (0.6,0,-0.5):1.1113, (0.6,0,0):1.0790, (0.6,0,0.25):1.0591, (0.6,0,0.5):1.0366, (0.6,0,0.75):1.0234, (0.6,0,1):1.0080, (0.6,0,1.5):0.9709, (0.6,0,2):0.9693, (0.6,0.25,-0.5):1.1113, (0.6,0.25,0):1.0790, (0.6,0.25,0.25):1.0591, (0.6,0.25,0.5):1.0366, (0.6,0.25,0.75):1.0234, (0.6,0.25,1):1.0080, (0.6,0.25,1.5):0.9709, (0.6,0.25,2):0.9693, (0.6,0.5,-0.5):1.1113, (0.6,0.5,0):1.0790, (0.6,0.5,0.25):1.0591, (0.6,0.5,0.5):1.0366, (0.6,0.5,0.75):1.0234, (0.6,0.5,1):1.0080, (0.6,0.5,1.5):0.9709, (0.6,0.5,2):0.9693, (0.6,0.75,-0.5):1.1113, (0.6,0.75,0):1.0790, (0.6,0.75,0.25):1.0591, (0.6,0.75,0.5):1.0366, (0.6,0.75,0.75):1.0234, (0.6,0.75,1):1.0080, (0.6,0.75,1.5):0.9709, (0.6,0.75,2):0.9693, (0.6,1,-0.5):1.1113, (0.6,1,0):1.0790, (0.6,1,0.25):1.0591, (0.6,1,0.5):1.0366, (0.6,1,0.75):1.0234, (0.6,1,1):1.0080, (0.6,1,1.5):0.9709, (0.6,1,2):0.9693, (0.6,1.5,-0.5):1.1113, (0.6,1.5,0):1.0790, (0.6,1.5,0.25):1.0591, (0.6,1.5,0.5):1.0366, (0.6,1.5,0.75):1.0234, (0.6,1.5,1):1.0080, (0.6,1.5,1.5):0.9709, (0.6,1.5,2):0.9693, (0.6,2,-0.5):1.1113, (0.6,2,0):1.0790, (0.6,2,0.25):1.0591, (0.6,2,0.5):1.0366, (0.6,2,0.75):1.0234, (0.6,2,1):1.0080, (0.6,2,1.5):0.9709, (0.6,2,2):0.9693, (0.8,0,-0.5):1.0699, (0.8,0,0):1.0277, (0.8,0,0.25):1.0089, (0.8,0,0.5):0.9901, (0.8,0,0.75):0.9726, (0.8,0,1):0.9657, (0.8,0,1.5):0.9931, (0.8,0,2):1.1309, (0.8,0.25,-0.5):1.0699, (0.8,0.25,0):1.0277, (0.8,0.25,0.25):1.0089, (0.8,0.25,0.5):0.9901, (0.8,0.25,0.75):0.9726, (0.8,0.25,1):0.9657, (0.8,0.25,1.5):0.9931, (0.8,0.25,2):1.1309, (0.8,0.5,-0.5):1.0699, (0.8,0.5,0):1.0277, (0.8,0.5,0.25):1.0089, (0.8,0.5,0.5):0.9901, (0.8,0.5,0.75):0.9726, (0.8,0.5,1):0.9657, (0.8,0.5,1.5):0.9931, (0.8,0.5,2):1.1309, (0.8,0.75,-0.5):1.0699, (0.8,0.75,0):1.0277, (0.8,0.75,0.25):1.0089, (0.8,0.75,0.5):0.9901, (0.8,0.75,0.75):0.9726, (0.8,0.75,1):0.9657, (0.8,0.75,1.5):0.9931, (0.8,0.75,2):1.1309, (0.8,1,-0.5):1.0699, (0.8,1,0):1.0277, (0.8,1,0.25):1.0089, (0.8,1,0.5):0.9901, (0.8,1,0.75):0.9726, (0.8,1,1):0.9657, (0.8,1,1.5):0.9931, (0.8,1,2):1.1309, (0.8,1.5,-0.5):1.0699, (0.8,1.5,0):1.0277, (0.8,1.5,0.25):1.0089, (0.8,1.5,0.5):0.9901, (0.8,1.5,0.75):0.9726, (0.8,1.5,1):0.9657, (0.8,1.5,1.5):0.9931, (0.8,1.5,2):1.1309, (0.8,2,-0.5):1.0699, (0.8,2,0):1.0277, (0.8,2,0.25):1.0089, (0.8,2,0.5):0.9901, (0.8,2,0.75):0.9726, (0.8,2,1):0.9657, (0.8,2,1.5):0.9931, (0.8,2,2):1.1309, (1,0,-0.5):1.0392, (1,0,0):0.9927, (1,0,0.25):0.9750, (1,0,0.5):0.9640, (1,0,0.75):0.9609, (1,0,1):0.9915, (1,0,1.5):1.1541, (1,0,2):1.3957, (1,0.25,-0.5):1.0392, (1,0.25,0):0.9927, (1,0.25,0.25):0.9750, (1,0.25,0.5):0.9640, (1,0.25,0.75):0.9609, (1,0.25,1):0.9915, (1,0.25,1.5):1.1541, (1,0.25,2):1.3957, (1,0.5,-0.5):1.0392, (1,0.5,0):0.9927, (1,0.5,0.25):0.9750, (1,0.5,0.5):0.9640, (1,0.5,0.75):0.9609, (1,0.5,1):0.9915, (1,0.5,1.5):1.1541, (1,0.5,2):1.3957, (1,0.75,-0.5):1.0392, (1,0.75,0):0.9927, (1,0.75,0.25):0.9750, (1,0.75,0.5):0.9640, (1,0.75,0.75):0.9609, (1,0.75,1):0.9915, (1,0.75,1.5):1.1541, (1,0.75,2):1.3957, (1,1,-0.5):1.0392, (1,1,0):0.9927, (1,1,0.25):0.9750, (1,1,0.5):0.9640, (1,1,0.75):0.9609, (1,1,1):0.9915, (1,1,1.5):1.1541, (1,1,2):1.3957, (1,1.5,-0.5):1.0392, (1,1.5,0):0.9927, (1,1.5,0.25):0.9750, (1,1.5,0.5):0.9640, (1,1.5,0.75):0.9609, (1,1.5,1):0.9915, (1,1.5,1.5):1.1541, (1,1.5,2):1.3957, (1,2,-0.5):1.0392, (1,2,0):0.9927, (1,2,0.25):0.9750, (1,2,0.5):0.9640, (1,2,0.75):0.9609, (1,2,1):0.9915, (1,2,1.5):1.1541, (1,2,2):1.3957, (1.3,0,-0.5):1.0112, (1.3,0,0):0.9749, (1.3,0,0.25):0.9573, (1.3,0,0.5):0.9807, (1.3,0,0.75):1.0324, (1.3,0,1):1.1853, (1.3,0,1.5):1.5589, (1.3,0,2):1.9615, (1.3,0.25,-0.5):1.0112, (1.3,0.25,0):0.9749, (1.3,0.25,0.25):0.9573, (1.3,0.25,0.5):0.9807, (1.3,0.25,0.75):1.0324, (1.3,0.25,1):1.1853, (1.3,0.25,1.5):1.5589, (1.3,0.25,2):1.9615, (1.3,0.5,-0.5):1.0112, (1.3,0.5,0):0.9749, (1.3,0.5,0.25):0.9573, (1.3,0.5,0.5):0.9807, (1.3,0.5,0.75):1.0324, (1.3,0.5,1):1.1853, (1.3,0.5,1.5):1.5589, (1.3,0.5,2):1.9615, (1.3,0.75,-0.5):1.0112, (1.3,0.75,0):0.9749, (1.3,0.75,0.25):0.9573, (1.3,0.75,0.5):0.9807, (1.3,0.75,0.75):1.0324, (1.3,0.75,1):1.1853, (1.3,0.75,1.5):1.5589, (1.3,0.75,2):1.9615, (1.3,1,-0.5):1.0112, (1.3,1,0):0.9749, (1.3,1,0.25):0.9573, (1.3,1,0.5):0.9807, (1.3,1,0.75):1.0324, (1.3,1,1):1.1853, (1.3,1,1.5):1.5589, (1.3,1,2):1.9615, (1.3,1.5,-0.5):1.0112, (1.3,1.5,0):0.9749, (1.3,1.5,0.25):0.9573, (1.3,1.5,0.5):0.9807, (1.3,1.5,0.75):1.0324, (1.3,1.5,1):1.1853, (1.3,1.5,1.5):1.5589, (1.3,1.5,2):1.9615, (1.3,2,-0.5):1.0112, (1.3,2,0):0.9749, (1.3,2,0.25):0.9573, (1.3,2,0.5):0.9807, (1.3,2,0.75):1.0324, (1.3,2,1):1.1853, (1.3,2,1.5):1.5589, (1.3,2,2):1.9615

tabular_regression_tabular_exp_MOGU_Superconductivity_MoE_Superconductivity_ne3_pe1_ug1_ftM_sl96_ll48_pl96_dm128_nh8_el2_dl1_df2048_expand2_dc4_fc1_ebtimeF_dtTrue_test_0_seed4022 (SETA-HPD)
Coverage: 0.8921, Width: 0.9142, Median Width: 0.9374, c: 0.6000, rho: 0.0000, theta: 1.0000, mog_decompose: True, t_hat: 2.2768, avg_segments: 1.000, frac_multi: 0.0000, frac_empty: 0.0000, single_fold: False

tabular_regression_tabular_exp_MOGU_Superconductivity_MoE_Superconductivity_ne3_pe1_ug1_ftM_sl96_ll48_pl96_dm128_nh8_el2_dl1_df2048_expand2_dc4_fc1_ebtimeF_dtTrue_test_0_seed4022 (SETA-HPD Diagnostics)
boundary=True, chosen_c=0.6000, chosen_rho=0.0000, chosen_theta=1.0000, mog_decompose=True, single_fold=False, ref_mog_hpd: coverage=0.8890 width=0.9542 | ref_sta_hpd: coverage=0.8939 width=0.9125 | seta_hpd: coverage=0.8921 width=0.9142
votes (c,rho,theta):n_splits: (0.6,0,1):2, (0.6,1.5,1):1, (0.4,1.5,1.5):1, (0.6,0.25,0.5):1, (1,0,-0.5):1, (0.6,1,0.75):1, (0.4,0.5,1.5):1, (0.6,0.25,0.75):1, (0.6,1.5,0.75):1
rho_marginal (rho:best_tune_width): 0:0.8866, 0.25:0.8887, 0.5:0.8896, 0.75:0.8893, 1:0.8890, 1.5:0.8892, 2:0.8900
tuning_surface ((c,rho,theta):tune_width): (0.4,0,-0.5):0.9929, (0.4,0,0):0.9755, (0.4,0,0.25):0.9625, (0.4,0,0.5):0.9526, (0.4,0,0.75):0.9416, (0.4,0,1):0.9283, (0.4,0,1.5):0.9036, (0.4,0,2):0.8983, (0.4,0.25,-0.5):0.9936, (0.4,0.25,0):0.9761, (0.4,0.25,0.25):0.9640, (0.4,0.25,0.5):0.9540, (0.4,0.25,0.75):0.9437, (0.4,0.25,1):0.9287, (0.4,0.25,1.5):0.9040, (0.4,0.25,2):0.8991, (0.4,0.5,-0.5):0.9944, (0.4,0.5,0):0.9744, (0.4,0.5,0.25):0.9641, (0.4,0.5,0.5):0.9548, (0.4,0.5,0.75):0.9433, (0.4,0.5,1):0.9287, (0.4,0.5,1.5):0.9060, (0.4,0.5,2):0.8995, (0.4,0.75,-0.5):0.9953, (0.4,0.75,0):0.9751, (0.4,0.75,0.25):0.9642, (0.4,0.75,0.5):0.9532, (0.4,0.75,0.75):0.9443, (0.4,0.75,1):0.9305, (0.4,0.75,1.5):0.9073, (0.4,0.75,2):0.8989, (0.4,1,-0.5):0.9961, (0.4,1,0):0.9760, (0.4,1,0.25):0.9645, (0.4,1,0.5):0.9547, (0.4,1,0.75):0.9443, (0.4,1,1):0.9320, (0.4,1,1.5):0.9077, (0.4,1,2):0.8999, (0.4,1.5,-0.5):0.9986, (0.4,1.5,0):0.9759, (0.4,1.5,0.25):0.9662, (0.4,1.5,0.5):0.9561, (0.4,1.5,0.75):0.9483, (0.4,1.5,1):0.9350, (0.4,1.5,1.5):0.9079, (0.4,1.5,2):0.9031, (0.4,2,-0.5):1.0003, (0.4,2,0):0.9773, (0.4,2,0.25):0.9663, (0.4,2,0.5):0.9595, (0.4,2,0.75):0.9483, (0.4,2,1):0.9345, (0.4,2,1.5):0.9077, (0.4,2,2):0.9067, (0.6,0,-0.5):0.9489, (0.6,0,0):0.9178, (0.6,0,0.25):0.9056, (0.6,0,0.5):0.8939, (0.6,0,0.75):0.8921, (0.6,0,1):0.8866, (0.6,0,1.5):0.9406, (0.6,0,2):1.0532, (0.6,0.25,-0.5):0.9484, (0.6,0.25,0):0.9188, (0.6,0.25,0.25):0.9050, (0.6,0.25,0.5):0.8947, (0.6,0.25,0.75):0.8918, (0.6,0.25,1):0.8887, (0.6,0.25,1.5):0.9400, (0.6,0.25,2):1.0517, (0.6,0.5,-0.5):0.9463, (0.6,0.5,0):0.9191, (0.6,0.5,0.25):0.9053, (0.6,0.5,0.5):0.8942, (0.6,0.5,0.75):0.8900, (0.6,0.5,1):0.8896, (0.6,0.5,1.5):0.9413, (0.6,0.5,2):1.0508, (0.6,0.75,-0.5):0.9465, (0.6,0.75,0):0.9189, (0.6,0.75,0.25):0.9058, (0.6,0.75,0.5):0.8940, (0.6,0.75,0.75):0.8902, (0.6,0.75,1):0.8893, (0.6,0.75,1.5):0.9422, (0.6,0.75,2):1.0502, (0.6,1,-0.5):0.9469, (0.6,1,0):0.9192, (0.6,1,0.25):0.9065, (0.6,1,0.5):0.8948, (0.6,1,0.75):0.8903, (0.6,1,1):0.8890, (0.6,1,1.5):0.9444, (0.6,1,2):1.0506, (0.6,1.5,-0.5):0.9485, (0.6,1.5,0):0.9189, (0.6,1.5,0.25):0.9076, (0.6,1.5,0.5):0.8972, (0.6,1.5,0.75):0.8903, (0.6,1.5,1):0.8892, (0.6,1.5,1.5):0.9446, (0.6,1.5,2):1.0501, (0.6,2,-0.5):0.9507, (0.6,2,0):0.9206, (0.6,2,0.25):0.9106, (0.6,2,0.5):0.8976, (0.6,2,0.75):0.8900, (0.6,2,1):0.8912, (0.6,2,1.5):0.9442, (0.6,2,2):1.0511, (0.8,0,-0.5):0.9115, (0.8,0,0):0.8946, (0.8,0,0.25):0.9008, (0.8,0,0.5):0.9207, (0.8,0,0.75):0.9495, (0.8,0,1):0.9943, (0.8,0,1.5):1.1255, (0.8,0,2):1.3153, (0.8,0.25,-0.5):0.9121, (0.8,0.25,0):0.8944, (0.8,0.25,0.25):0.8991, (0.8,0.25,0.5):0.9177, (0.8,0.25,0.75):0.9487, (0.8,0.25,1):0.9902, (0.8,0.25,1.5):1.1216, (0.8,0.25,2):1.3082, (0.8,0.5,-0.5):0.9133, (0.8,0.5,0):0.8960, (0.8,0.5,0.25):0.8973, (0.8,0.5,0.5):0.9166, (0.8,0.5,0.75):0.9467, (0.8,0.5,1):0.9905, (0.8,0.5,1.5):1.1232, (0.8,0.5,2):1.3035, (0.8,0.75,-0.5):0.9145, (0.8,0.75,0):0.8982, (0.8,0.75,0.25):0.8979, (0.8,0.75,0.5):0.9153, (0.8,0.75,0.75):0.9474, (0.8,0.75,1):0.9896, (0.8,0.75,1.5):1.1196, (0.8,0.75,2):1.3010, (0.8,1,-0.5):0.9144, (0.8,1,0):0.8992, (0.8,1,0.25):0.8991, (0.8,1,0.5):0.9129, (0.8,1,0.75):0.9477, (0.8,1,1):0.9882, (0.8,1,1.5):1.1136, (0.8,1,2):1.2975, (0.8,1.5,-0.5):0.9159, (0.8,1.5,0):0.8977, (0.8,1.5,0.25):0.8981, (0.8,1.5,0.5):0.9085, (0.8,1.5,0.75):0.9498, (0.8,1.5,1):0.9857, (0.8,1.5,1.5):1.1104, (0.8,1.5,2):1.2930, (0.8,2,-0.5):0.9197, (0.8,2,0):0.9008, (0.8,2,0.25):0.8970, (0.8,2,0.5):0.9075, (0.8,2,0.75):0.9477, (0.8,2,1):0.9828, (0.8,2,1.5):1.1035, (0.8,2,2):1.2872, (1,0,-0.5):0.9079, (1,0,0):0.9410, (1,0,0.25):0.9835, (1,0,0.5):1.0470, (1,0,0.75):1.1177, (1,0,1):1.2228, (1,0,1.5):1.4365, (1,0,2):1.6863, (1,0.25,-0.5):0.9068, (1,0.25,0):0.9345, (1,0.25,0.25):0.9858, (1,0.25,0.5):1.0420, (1,0.25,0.75):1.1134, (1,0.25,1):1.2177, (1,0.25,1.5):1.4254, (1,0.25,2):1.6672, (1,0.5,-0.5):0.9085, (1,0.5,0):0.9311, (1,0.5,0.25):0.9835, (1,0.5,0.5):1.0383, (1,0.5,0.75):1.1115, (1,0.5,1):1.2113, (1,0.5,1.5):1.4181, (1,0.5,2):1.6554, (1,0.75,-0.5):0.9070, (1,0.75,0):0.9297, (1,0.75,0.25):0.9779, (1,0.75,0.5):1.0355, (1,0.75,0.75):1.1065, (1,0.75,1):1.2096, (1,0.75,1.5):1.4104, (1,0.75,2):1.6474, (1,1,-0.5):0.9099, (1,1,0):0.9274, (1,1,0.25):0.9698, (1,1,0.5):1.0354, (1,1,0.75):1.1004, (1,1,1):1.1984, (1,1,1.5):1.4054, (1,1,2):1.6428, (1,1.5,-0.5):0.9154, (1,1.5,0):0.9246, (1,1.5,0.25):0.9653, (1,1.5,0.5):1.0252, (1,1.5,0.75):1.0961, (1,1.5,1):1.1952, (1,1.5,1.5):1.4004, (1,1.5,2):1.6302, (1,2,-0.5):0.9201, (1,2,0):0.9251, (1,2,0.25):0.9608, (1,2,0.5):1.0262, (1,2,0.75):1.0937, (1,2,1):1.1850, (1,2,1.5):1.3884, (1,2,2):1.6228, (1.3,0,-0.5):0.9375, (1.3,0,0):1.0862, (1.3,0,0.25):1.2246, (1.3,0,0.5):1.4162, (1.3,0,0.75):1.6211, (1.3,0,1):1.8447, (1.3,0,1.5):2.2674, (1.3,0,2):2.6741, (1.3,0.25,-0.5):0.9403, (1.3,0.25,0):1.0916, (1.3,0.25,0.25):1.2329, (1.3,0.25,0.5):1.3909, (1.3,0.25,0.75):1.5703, (1.3,0.25,1):1.7963, (1.3,0.25,1.5):2.2396, (1.3,0.25,2):2.6369, (1.3,0.5,-0.5):0.9441, (1.3,0.5,0):1.0909, (1.3,0.5,0.25):1.2113, (1.3,0.5,0.5):1.3697, (1.3,0.5,0.75):1.5423, (1.3,0.5,1):1.7533, (1.3,0.5,1.5):2.2114, (1.3,0.5,2):2.6061, (1.3,0.75,-0.5):0.9505, (1.3,0.75,0):1.0942, (1.3,0.75,0.25):1.2059, (1.3,0.75,0.5):1.3573, (1.3,0.75,0.75):1.5223, (1.3,0.75,1):1.7270, (1.3,0.75,1.5):2.1758, (1.3,0.75,2):2.5767, (1.3,1,-0.5):0.9565, (1.3,1,0):1.0897, (1.3,1,0.25):1.1996, (1.3,1,0.5):1.3463, (1.3,1,0.75):1.5056, (1.3,1,1):1.7010, (1.3,1,1.5):2.1541, (1.3,1,2):2.5469, (1.3,1.5,-0.5):0.9668, (1.3,1.5,0):1.0883, (1.3,1.5,0.25):1.1932, (1.3,1.5,0.5):1.3266, (1.3,1.5,0.75):1.4800, (1.3,1.5,1):1.6663, (1.3,1.5,1.5):2.1091, (1.3,1.5,2):2.5019, (1.3,2,-0.5):0.9687, (1.3,2,0):1.0894, (1.3,2,0.25):1.1931, (1.3,2,0.5):1.3219, (1.3,2,0.75):1.4763, (1.3,2,1):1.6592, (1.3,2,1.5):2.0860, (1.3,2,2):2.4777

